NOAA 15                 
1 25338U 98030A   23151.11042379  .00000247  00000+0  12088-3 0  9994
2 25338  98.6064 180.4585 0010421  10.8412 349.2991 14.26323750302826
DMSP 5D-3 F15 (USA 147) 
1 25991U 99067A   23150.90270601  .00000166  00000+0  10612-3 0  9998
2 25991  99.0698 153.8468 0008972 285.7864 135.6776 14.16737156212966
DMSP 5D-3 F16 (USA 172) 
1 28054U 03048A   23151.22959321  .00000070  00000+0  61020-4 0  9998
2 28054  99.0113 149.3292 0008298  59.3147 311.5002 14.13812517 12165
NOAA 18                 
1 28654U 05018A   23151.21270660  .00000223  00000+0  14340-3 0  9996
2 28654  98.9095 225.6848 0015264  70.5262 289.7557 14.12943637929173
METEOSAT-9 (MSG-2)      
1 28912U 05049B   23150.87227036  .00000144  00000+0  00000+0 0  9993
2 28912   6.8077  63.8929 0001979 172.9475  11.0039  1.00269294 63882
EWS-G1 (GOES 13)        
1 29155U 06018A   23150.81163137  .00000058  00000+0  00000+0 0  9999
2 29155   1.4876  91.8427 0001934  78.5337  71.1136  1.00271551 32210
DMSP 5D-3 F17 (USA 191) 
1 29522U 06050A   23151.18246584  .00000074  00000+0  61661-4 0  9995
2 29522  98.7535 164.5252 0009905 358.8799   1.2351 14.14252104855055
FENGYUN 3A              
1 32958U 08026A   23151.14608884  .00000125  00000+0  80122-4 0  9998
2 32958  98.5543 105.5394 0009906  97.0858 263.1445 14.18871564777642
FENGYUN 2E              
1 33463U 08066A   23150.90248894 -.00000187  00000+0  00000+0 0  9999
2 33463   6.6824  63.1142 0001448 359.0342 237.6352  1.00268205 52938
NOAA 19                 
1 33591U 09005A   23151.11334563  .00000193  00000+0  12874-3 0  9990
2 33591  99.1004 196.7666 0012822 292.3865  67.5947 14.12761118737532
GOES 14                 
1 35491U 09033A   23151.20945029 -.00000046  00000+0  00000+0 0  9999
2 35491   0.2966 107.0771 0006254 318.9992 149.1844  1.00269052 50997
METEOR-M 1              
1 35865U 09049A   23151.17496282  .00000085  00000+0  57529-4 0  9994
2 35865  98.5792 116.3915 0001369 321.2833  38.8247 14.22498856711118
DMSP 5D-3 F18 (USA 210) 
1 35951U 09057A   23151.14722413  .00000296  00000+0  17944-3 0  9994
2 35951  98.7664 127.8257 0011162 170.7411 189.3970 14.13766780702233
GOES 15                 
1 36411U 10008A   23150.76900347  .00000152  00000+0  00000+0 0  9997
2 36411   0.3165  95.8584 0000880 322.6808 311.5709  1.00152656 48482
COMS 1                  
1 36744U 10032A   23150.96865348 -.00000325  00000+0  00000+0 0  9999
2 36744   1.9483  88.9448 0001095 345.9628 290.1771  1.00271442 47496
FENGYUN 3B              
1 37214U 10059A   23151.15576691  .00000101  00000+0  76591-4 0  9997
2 37214  99.0841 168.2382 0023311  94.2711 345.3700 14.14341487650105
SUOMI NPP               
1 37849U 11061A   23151.10310517  .00000072  00000+0  54779-4 0  9994
2 37849  98.7039  90.1113 0001042  70.4540 300.2568 14.19564060600513
FENGYUN 2F              
1 38049U 12002A   23151.17146705 -.00000338  00000+0  00000+0 0  9995
2 38049   4.6461  76.8174 0003797  78.0890 266.9183  1.00284007 41729
METEOSAT-10 (MSG-3)     
1 38552U 12035B   23150.65643001  .00000010  00000+0  00000+0 0  9999
2 38552   2.1395  55.2588 0001170 338.1186  90.8830  1.00264779 39698
METOP-B                 
1 38771U 12049A   23151.20546378  .00000135  00000+0  81567-4 0  9998
2 38771  98.6791 210.8631 0001523  92.4568 336.5252 14.21492090555131
FENGYUN 3C              
1 39260U 13052A   23151.14331613  .00000131  00000+0  86911-4 0  9998
2 39260  98.4286 166.1774 0010978 359.1749   0.9407 14.16039506501117
METEOR-M 2              
1 40069U 14037A   23151.15775892  .00000074  00000+0  53412-4 0  9999
2 40069  98.4234 157.9244 0006538  41.9547 318.2130 14.20780257461235
HIMAWARI-8              
1 40267U 14060A   23151.12757880 -.00000257  00000+0  00000+0 0  9993
2 40267   0.0193 318.9717 0000984  99.5573  16.4162  1.00270484 31706
FENGYUN 2G              
1 40367U 14090A   23150.91391476 -.00000285  00000+0  00000+0 0  9999
2 40367   2.8119  85.8282 0002654  56.0906 175.1785  1.00268907 30830
METEOSAT-11 (MSG-4)     
1 40732U 15034A   23150.96162588  .00000081  00000+0  00000+0 0  9992
2 40732   0.5700  38.6745 0000820   7.7827 197.3522  1.00264815 28853
ELEKTRO-L 2             
1 41105U 15074A   23150.94029277 -.00000097  00000+0  00000+0 0  9994
2 41105   3.8654  84.0296 0000772  64.4144  63.7454  1.00272698 27358
HIMAWARI-9              
1 41836U 16064A   23150.89947124 -.00000256  00000+0  00000+0 0  9996
2 41836   0.0425 126.1382 0000840 322.2260 264.3541  1.00272152 24020
GOES 16                 
1 41866U 16071A   23150.78478030 -.00000230  00000+0  00000+0 0  9992
2 41866   0.0501  97.3481 0000388 328.8207  29.1985  1.00272338 23942
FENGYUN 4A              
1 41882U 16077A   23150.63352917 -.00000313  00000+0  00000+0 0  9997
2 41882   0.0729 305.2627 0004029 202.1992  73.2744  1.00271254 23765
CYGFM05                 
1 41884U 16078A   23151.21402911  .00004525  00000+0  20585-3 0  9997
2 41884  34.9538 191.2005 0013839 325.8092  34.1729 15.20047868357754
CYGFM04                 
1 41885U 16078B   23150.48014770  .00004532  00000+0  20262-3 0  9998
2 41885  34.9474 182.9707 0012054 338.7625  21.2587 15.20658401357607
CYGFM02                 
1 41886U 16078C   23150.79012445  .00004553  00000+0  20326-3 0  9994
2 41886  34.9561 183.3454 0012880 334.7464  25.2619 15.20703639357731
CYGFM01                 
1 41887U 16078D   23150.80291331  .00004049  00000+0  18553-3 0  9999
2 41887  34.9508 196.7611 0014323 321.2163  38.7521 15.19820026357534
CYGFM08                 
1 41888U 16078E   23150.80383708  .00004493  00000+0  20246-3 0  9995
2 41888  34.9475 187.6531 0013277 335.0590  24.9480 15.20378526357684
CYGFM07                 
1 41890U 16078G   23150.49399079  .00004197  00000+0  18701-3 0  9995
2 41890  34.9497 182.5663 0011693 335.9702  24.0464 15.20802513357619
CYGFM03                 
1 41891U 16078H   23150.76613174  .00004220  00000+0  18897-3 0  9994
2 41891  34.9528 181.5775 0011233 335.6870  24.3312 15.20637017357644
FENGYUN 3D              
1 43010U 17072A   23151.14346883  .00000067  00000+0  53193-4 0  9991
2 43010  98.8609  99.7801 0001888  31.2605 328.8683 14.19167739287087
NOAA 20                 
1 43013U 17073A   23151.13568708  .00000067  00000+0  52542-4 0  9993
2 43013  98.7522  89.8689 0001415 102.8483 257.2852 14.19553208286556
GOES 17                 
1 43226U 18022A   23151.21171113 -.00000071  00000+0  00000+0 0  9996
2 43226   0.0297 128.4564 0002348 317.2517 134.2490  1.00271537 19278
FENGYUN 2H              
1 43491U 18050A   23150.89073733 -.00000110  00000+0  00000+0 0  9997
2 43491   2.0330  91.3192 0002860  62.3081 134.4303  1.00271043 18276
METOP-C                 
1 43689U 18087A   23151.08808391  .00000117  00000+0  73221-4 0  9990
2 43689  98.6836 210.8751 0004068 108.8593 251.3026 14.21509737236692
GEO-KOMPSAT-2A          
1 43823U 18100A   23150.75903466 -.00000326  00000+0  00000+0 0  9991
2 43823   0.0438 116.5280 0002326 321.5299 211.4625  1.00270338 16466
METEOR-M2 2             
1 44387U 19038A   23151.16492422  .00000041  00000+0  37430-4 0  9994
2 44387  98.7747 115.1047 0001624  34.4500 325.6784 14.23783470202882
FENGYUN 3E              
1 49008U 21062A   23151.16782885  .00000020  00000+0  30024-4 0  9993
2 49008  98.7214 152.8372 0002616  69.8685 290.2773 14.19681993 98658
GOES 18                 
1 51850U 22021A   23150.96855046  .00000115  00000+0  00000+0 0  9995
2 51850   0.0454 115.8352 0000505 273.8742  70.1835  1.00271440  4649
NOAA 21 (JPSS-2)        
1 54234U 22150A   23150.86998448  .00000085  00000+0  61223-4 0  9995
2 54234  98.7160  89.0929 0001513  93.1642 266.9707 14.19548350 28594
METEOSAT-12             
1 54743U 22170C   23150.79907532 -.00000012  00000+0  00000+0 0  9990
2 54743   0.6258 309.4905 0003282 115.8913 106.8316  1.00275058  1812
