TDRS 3                  
1 19548U 88091B   22099.03497010 -.00000296  00000+0  00000+0 0  9995
2 19548  13.7654 351.8646 0038843 335.0334 193.9134  1.00265876110024
FLTSATCOM 8 (USA 46)    
1 20253U 89077A   22098.57970170 -.00000076  00000+0  00000+0 0  9992
2 20253  12.8805   0.6997 0005518  74.3345  42.3266  1.00273024245265
SKYNET 4C               
1 20776U 90079A   22097.83507958  .00000128  00000+0  00000+0 0  9991
2 20776  13.8268   0.5902 0003117 357.7485 171.6838  1.00270677115538
TDRS 5                  
1 21639U 91054B   22098.39196334  .00000087  00000+0  00000+0 0  9992
2 21639  14.2438   5.2013 0027720 357.1772 167.6851  1.00270388112362
TDRS 6                  
1 22314U 93003B   22099.16079566 -.00000291  00000+0  00000+0 0  9990
2 22314  14.1278   8.4289 0009757  93.6965 107.3253  1.00272033107034
UFO 2 (USA 95)          
1 22787U 93056A   22098.90693389  .00000129  00000+0  00000+0 0  9997
2 22787  11.4515  11.5226 0004203  14.1055 166.7698  1.00277096103310
USA 99 (MILSTAR-1 1)    
1 22988U 94009A   22098.39824519 -.00000192  00000+0  00000+0 0  9994
2 22988  15.2359  43.8544 0002002 304.3713 261.8035  1.00273050 17617
USA 107 (DSP 17)        
1 23435U 94084A   22098.22026142 -.00000164  00000+0  00000+0 0  9992
2 23435  14.5867   6.3236 0001260  57.6997 115.1891  1.00276061 17605
UFO 4 (USA 108)         
1 23467U 95003A   22098.68931387 -.00000019  00000+0  00000+0 0  9994
2 23467   9.8579  18.1225 0004558  40.9365 198.3140  1.00274371 99605
AMSC 1                  
1 23553U 95019A   22098.49488361 -.00000090  00000+0  00000+0 0  9994
2 23553  11.8830  26.6778 0007430 353.5481 247.1636  1.00273188 98826
TDRS 7                  
1 23613U 95035B   22098.60517789 -.00000199  00000+0  00000+0 0  9999
2 23613  14.0047 359.1179 0029828  44.9134  95.4632  1.00275382 97904
USA 113                 
1 23628U 95038A   22097.77359073 -.00000337  00000+0  00000+0 0  9999
2 23628  12.0171  25.4949 0001774 306.1902 246.5734  1.00273849 17618
USA 115 (MILSTAR-1 2)   
1 23712U 95060A   22098.36409233 -.00000016  00000+0  00000+0 0  9992
2 23712  13.4993  14.8086 0002536 345.8231 207.0609  1.00270784 17534
INMARSAT 3-F1           
1 23839U 96020A   22098.62986404  .00000056  00000+0  00000+0 0  9991
2 23839   7.3982  58.5503 0006635 350.1640  30.9688  0.99996603 94953
INMARSAT 3-F2           
1 24307U 96053A   22098.54174196 -.00000067  00000+0  00000+0 0  9999
2 24307   6.3612  67.4895 0009397 339.8522 242.2326  0.99979725 93612
AMC-1 (GE-1)            
1 24315U 96054A   22098.47890958  .00000066  00000+0  00000+0 0  9990
2 24315   5.4549  73.7209 0003494 293.3482 231.1394  1.00272439 30973
INMARSAT 3-F3           
1 24674U 96070A   22098.75831934 -.00000307  00000+0  00000+0 0  9995
2 24674   6.9866  62.1984 0006183 334.7032 214.8732  1.00003669 92609
GALAXY 25 (G-25)        
1 24812U 97026A   22098.92332149 -.00000004  00000+0  00000+0 0  9998
2 24812   3.5196  84.3168 0004382 321.7759 189.5641  1.00272875 91033
INTELSAT 5 (IS-5)       
1 24916U 97046A   22099.15323789  .00000056  00000+0  00000+0 0  9997
2 24916   7.0826  61.5254 0001235  23.3538 352.0404  1.00150347 90272
AMC-3 (GE-3)            
1 24936U 97050A   22099.20070137 -.00000259  00000+0  00000+0 0  9992
2 24936   4.3758  80.1027 0003176 301.7569 175.8073  1.00270820 90100
USA 134                 
1 25019U 97065A   22099.18956997 -.00000058  00000+0  00000+0 0  9992
2 25019  10.9750  31.9168 0006400 346.2225 135.3363  1.00273726 16260
ASTRA 1G                
1 25071U 97076A   22098.63449023  .00000117  00000+0  00000+0 0  9993
2 25071   6.0864  68.8012 0004019 302.0368  73.8457  1.00274997 89169
INMARSAT 3-F5           
1 25153U 98006B   22098.46637554 -.00000288  00000+0  00000+0 0  9997
2 25153   6.2453  66.2856 0004988 309.3655 294.9276  1.00275687 88541
UFO 8 (USA 138)         
1 25258U 98016A   22098.68919847 -.00000023  00000+0  00000+0 0  9993
2 25258   9.3525  30.1743 0003126 357.1311 229.2863  1.00272722 88505
ASTRA 2A                
1 25462U 98050A   22098.73289814  .00000148  00000+0  00000+0 0  9995
2 25462   3.2304  86.2755 0002381 281.5356 120.9914  1.00268877 30996
SKYNET 4E               
1 25639U 99009B   22099.04438966 -.00000031  00000+0  00000+0 0  9997
2 25639  11.2143  17.2948 0002659   8.5641 186.1423  1.00272606 84670
ABS-7                   
1 25894U 99046A   22099.11119875 -.00000230  00000+0  00000+0 0  9995
2 25894   2.5877  88.3542 0005036 326.7394 155.6347  0.99975914 81796
ABS-6                   
1 25924U 99053A   22099.14817925 -.00000121  00000+0  00000+0 0  9990
2 25924   0.0592  68.5803 0003073 351.1934 349.9260  1.00270617 82501
AMC-4 (GE-4)            
1 25954U 99060A   22098.50182766  .00000087  00000+0  00000+0 0  9998
2 25954   1.3431  92.5804 0003119 284.9265 224.9854  1.00271675 28202
UFO 10 (USA 146)        
1 25967U 99063A   22098.22162581 -.00000185  00000+0  00000+0 0  9997
2 25967   8.6270  33.6647 0003166  17.8773 201.7549  1.00275278 81999
GALAXY 11 (G-11)        
1 26038U 99071A   22097.94973016 -.00000162  00000+0  00000+0 0  9992
2 26038   2.8229  88.6390 0000478 200.2509 156.0998  1.00271847 81721
USA 148                 
1 26052U 00001A   22098.68544091  .00000043  00000+0  00000+0 0  9999
2 26052   9.4305  42.8154 0001716 310.9149 270.3708  1.00272510 17614
ASIASTAR                
1 26107U 00016A   22098.58724221 -.00000332  00000+0  00000+0 0  9992
2 26107   5.5176  72.5239 0004481 308.4602 132.2471  1.00271096 80576
USA 149 (DSP 20)        
1 26356U 00024A   22098.68348976  .00000099  00000+0  00000+0 0  9996
2 26356  12.0329  21.9609 0001512 257.3662 358.2358  1.00262765 17560
TDRS 8                  
1 26388U 00034A   22098.83313372 -.00000230  00000+0  00000+0 0  9999
2 26388  10.2597  43.0271 0023402 338.4342 204.7627  1.00267866 79839
INTELSAT 9 (IS-9)       
1 26451U 00043A   22099.15960334 -.00000285  00000+0  00000+0 0  9992
2 26451   7.0678  61.6971 0002653 315.3135 187.8318  1.00271154 79503
NSS-11 (AAP-1)          
1 26554U 00059A   22098.84285416  .00000024  00000+0  00000+0 0  9999
2 26554   0.0554  75.0946 0002846 290.8216 310.5772  1.00272779 25947
USA 153                 
1 26575U 00065A   22098.77684553 -.00000321  00000+0  00000+0 0  9997
2 26575   8.9846  46.1463 0001818 338.7929 226.1320  1.00274000 17586
AMC-6 (GE-6)            
1 26580U 00067A   22099.21500998  .00000103  00000+0  00000+0 0  9992
2 26580   0.0508  73.9265 0002665 301.2814 120.6264  1.00272445 78647
INTELSAT 1R (IS-1R)     
1 26608U 00072A   22099.14783037 -.00000137  00000+0  00000+0 0  9996
2 26608   4.2891  80.7050 0001897   0.0346 326.9516  1.00272886 78311
ANIK F1                 
1 26624U 00076A   22099.24869459 -.00000063  00000+0  00000+0 0  9990
2 26624   1.2603  93.3744 0007926 320.2898 124.1515  1.00273656 78385
ASTRA 2D                
1 26638U 00081A   22099.12114162  .00000131  00000+0  00000+0 0  9997
2 26638   7.1487  60.7602 0001637 320.3767 243.4764  1.00272789 78045
AMC-8 (GE-8)            
1 26639U 00081B   22099.21982794  .00000087  00000+0  00000+0 0  9992
2 26639   2.2735  89.2861 0002829 295.0117 117.2768  1.00272779 77930
USA 157 (MILSTAR-2 2)   
1 26715U 01009A   22098.51441605  .00000017  00000+0  00000+0 0  9994
2 26715   9.9490  27.4827 0002061 335.9830 254.2846  1.00268112 17600
EUTELSAT 133 WEST A     
1 26719U 01011A   22098.47768465  .00000077  00000+0  00000+0 0  9998
2 26719   3.5421  83.4029 0002743 312.6178 199.8071  1.00273523 77194
INTELSAT 10 (IS-10)     
1 26766U 01019A   22099.15192962  .00000036  00000+0  00000+0 0  9992
2 26766   5.4151  73.9343 0003670 309.1164  46.8156  1.00271135 76591
INTELSAT 901 (IS-901)   
1 26824U 01024A   22098.32161931 -.00000203  00000+0  00000+0 0  9990
2 26824   0.0308  94.9965 0000868 278.6608 271.1877  1.00271350  7623
ASTRA 2C                
1 26853U 01025A   22099.20070101 -.00000258  00000+0  00000+0 0  9999
2 26853   4.4009  79.9080 0002517 300.1179 177.1911  1.00272596 76239
USA 159 (DSP 21)        
1 26880U 01033A   22098.19132730 -.00000294  00000+0  00000+0 0  9992
2 26880  11.3635  26.2082 0000413 188.6240   1.0062  1.00282855 17617
INTELSAT 902 (IS-902)   
1 26900U 01039A   22098.46059723 -.00000282  00000+0  00000+0 0  9998
2 26900   2.2304  89.7273 0003272 302.1130 280.5728  1.00271250 75349
USA 164 (MILSTAR-2 3)   
1 27168U 02001A   22098.65748656  .00000103  00000+0  00000+0 0  9997
2 27168   9.4363  29.3009 0001757 333.8986  89.3268  1.00275189 16303
ECHOSTAR 7              
1 27378U 02006A   22099.15524392  .00000070  00000+0  00000+0 0  9993
2 27378   0.0699  81.9108 0005437 312.7008  53.0370  0.99846258 73728
INTELSAT 904 (IS-904)   
1 27380U 02007A   22099.11058823 -.00000214  00000+0  00000+0 0  9995
2 27380   3.0647  86.6380 0003209 304.5977 176.4025  1.00270962 73745
TDRS 9                  
1 27389U 02011A   22098.42911590 -.00000284  00000+0  00000+0 0  9998
2 27389   8.8730  61.4438 0027925 300.4308 287.0674  1.00270266 75095
ASTRA 3A                
1 27400U 02015B   22098.88390831 -.00000202  00000+0  00000+0 0  9995
2 27400   7.2523  59.6164 0001687 289.1139  79.8064  1.00273263 73378
NSS-7                   
1 27414U 02019A   22099.11250701 -.00000156  00000+0  00000+0 0  9990
2 27414   5.7395  71.8594 0002535 313.1108 192.8567  1.00271317 73218
DIRECTV 5 (TEMPO 1)     
1 27426U 02023A   22099.21503903 -.00000057  00000+0  00000+0 0  9994
2 27426   0.9531  93.8977 0003502 293.1342 137.7029  1.00272800 72961
INTELSAT 905 (IS-905)   
1 27438U 02027A   22099.11163484 -.00000184  00000+0  00000+0 0  9997
2 27438   2.8859  87.3892 0002605 290.7212 194.9213  1.00271543 72620
GALAXY 3C (G-3C)        
1 27445U 02030A   22098.88225116 -.00000152  00000+0  00000+0 0  9998
2 27445   0.0162  75.0343 0001874 258.0925  86.5304  1.00269440 72614
EUTELSAT 5 WEST A       
1 27460U 02035A   22099.11547243 -.00000042  00000+0  00000+0 0  9993
2 27460   2.1452  90.0674 0005975 285.9181 217.9171  1.00272586 72403
METEOSAT-8 (MSG-1)      
1 27509U 02040B   22097.04357529  .00000137  00000+0  00000+0 0  9993
2 27509   7.9077  51.0218 0002066 309.4497 251.9154  1.00271929 71895
INTELSAT 906 (IS-906)   
1 27513U 02041A   22098.66366003  .00000014  00000+0  00000+0 0  9999
2 27513   1.8983  91.2469 0004139 300.1328 108.5657  1.00271221 71684
HISPASAT 30W-4          
1 27528U 02044A   22099.21060369  .00000117  00000+0  00000+0 0  9990
2 27528   2.6346  87.0117 0003480 238.7395 164.4520  1.00266789 71608
TDRS 10                 
1 27566U 02055A   22098.53734192  .00000091  00000+0  00000+0 0  9991
2 27566   8.0773  50.3449 0009933 326.8347 201.9183  1.00268373 70882
NSS-6                   
1 27603U 02057A   22098.59146625  .00000108  00000+0  00000+0 0  9998
2 27603   1.4338  92.3530 0003566 292.9592 214.9456  1.00276106 70695
NIMIQ 2                 
1 27632U 02062A   22098.53396209 -.00000065  00000+0  00000+0 0  9998
2 27632   5.8434  71.1099 0001264   1.9714 206.7737  1.00271235 28832
USA 167                 
1 27691U 03008A   22099.18984510  .00000057  00000+0  00000+0 0  9994
2 27691   7.9084  55.0438 0002785 346.9712  93.5025  1.00273631 16288
USA 169 (MILSTAR-2 4)   
1 27711U 03012A   22099.14678375 -.00000191  00000+0  00000+0 0  9997
2 27711  10.0234  40.6756 0002007 322.4588  39.2460  1.00272416 16306
GALAXY 12 (G-12)        
1 27715U 03013B   22098.51011191  .00000058  00000+0  00000+0 0  9990
2 27715   3.0965  86.2459 0002050 294.3409 230.7865  1.00271941 36745
ASIASAT 4               
1 27718U 03014A   22098.90526258 -.00000308  00000+0  00000+0 0  9991
2 27718   0.7936  94.8431 0004073 284.3474 273.5850  1.00530718 29957
HELLAS-SAT 2            
1 27811U 03020A   22098.39680608 -.00000081  00000+0  00000+0 0  9993
2 27811   3.5119  85.3024 0006373 283.6397 320.5092  1.00273400 27499
THURAYA-2               
1 27825U 03026A   22098.76966241  .00000129  00000+0  00000+0 0  9997
2 27825   6.6501  34.3700 0002756 326.2356 157.4502  1.00271872 69005
OPTUS C1                
1 27831U 03028B   22098.79216115 -.00000150  00000+0  00000+0 0  9992
2 27831   3.0264  87.1770 0005890 290.9117 259.8181  1.00273957 37715
GALAXY 23 (G-23)        
1 27854U 03034A   22099.23652876  .00000012  00000+0  00000+0 0  9998
2 27854   0.0212 235.0734 0003012 153.5845 132.9553  1.00271494 73202
USA 170                 
1 27875U 03040A   22098.31856667 -.00000271  00000+0  00000+0 0  9998
2 27875   7.2370  60.3633 0001935 334.6581 233.8150  1.00268867 16275
GALAXY 13 (HORIZONS-1)  
1 27954U 03044A   22098.62408237  .00000048  00000+0  00000+0 0  9991
2 27954   0.0449 101.2072 0002619  78.4207 114.8805  1.00268963 31225
YAMAL 202               
1 28089U 03053A   22099.26529962 -.00000079  00000+0  00000+0 0  9996
2 28089   2.4624  88.6810 0004562 317.3836  50.4113  1.00271887 67344
UFO 11 (USA 174)        
1 28117U 03057A   22098.41363917 -.00000092  00000+0  00000+0 0  9999
2 28117   6.8887  37.9118 0005815   4.5378  17.6578  1.00271282 67104
USA 176 (DSP 22)        
1 28158U 04004A   22098.83313372 -.00000216  00000+0  00000+0 0  9991
2 28158  10.0027  35.6455 0000813 331.6424 217.0391  1.00275281 17589
ABS-4 (MOBISAT-1)       
1 28184U 04007A   22099.12864238  .00000041  00000+0  00000+0 0  9993
2 28184   2.1484  89.8751 0005388 292.9288 281.8583  1.00269559 66235
EUTELSAT 7A             
1 28187U 04008A   22099.21490806  .00000104  00000+0  00000+0 0  9993
2 28187   1.9352  88.7955 0004146 287.6791 119.1277  1.00271015 66237
AMC-11 (GE-11)          
1 28252U 04017A   22099.13868986  .00000068  00000+0  00000+0 0  9994
2 28252   0.0531  70.1742 0002712 309.2708  96.8423  1.00271788 65368
INTELSAT 10-02          
1 28358U 04022A   22098.31438267 -.00000012  00000+0  00000+0 0  9991
2 28358   0.0161 230.9722 0000951 137.4386 300.3307  1.00271671 65279
ANIK F2                 
1 28378U 04027A   22098.53205726 -.00000050  00000+0  00000+0 0  9996
2 28378   0.0702  92.3019 0001777  92.2028  92.7074  1.00270649 65007
AMC-15                  
1 28446U 04041A   22098.62154378 -.00000090  00000+0  00000+0 0  9998
2 28446   0.0482  58.9880 0002855 316.8010 299.7662  1.00272772 63971
NSS-10 (AMC-12)         
1 28526U 05003A   22098.46312656 -.00000250  00000+0  00000+0 0  9991
2 28526   2.6092  88.0616 0003188 270.6857 327.2276  1.00271963 37804
XTAR-EUR                
1 28542U 05005A   22098.37335692  .00000150  00000+0  00000+0 0  9994
2 28542   0.4003  95.0585 0003271 271.4288 353.5130  1.00271969 62842
XM-3 (RHYTHM)           
1 28626U 05008A   22098.45361979 -.00000206  00000+0  00000+0 0  9999
2 28626   0.0417  37.4150 0000516  43.4865 193.9779  1.00271941 27278
INMARSAT 4-F1           
1 28628U 05009A   22098.49923486 -.00000260  00000+0  00000+0 0  9993
2 28628   3.5627  34.3309 0002878 348.3959 137.2212  1.00272767 62322
DIRECTV 8               
1 28659U 05019A   22099.09270851  .00000000  00000+0  00000+0 0  9997
2 28659   0.0170 131.7245 0003056 251.2605  88.6536  1.00271801 61843
GALAXY 28 (G-28)        
1 28702U 05022A   22099.09872655 -.00000186  00000+0  00000+0 0  9996
2 28702   0.0158 265.6587 0002357 110.8587 127.3369  1.00272386 61480
EXPRESS-AM3             
1 28707U 05023A   22098.46330100 -.00000232  00000+0  00000+0 0  9998
2 28707   3.4214  84.4658 0001889 270.5920 332.0734  0.99001955 61485
THAICOM 4               
1 28786U 05028A   22098.80882833 -.00000364  00000+0  00000+0 0  9999
2 28786   0.0174 195.6398 0002450 178.0604 234.0510  1.00268744 36919
GALAXY 14 (G-14)        
1 28790U 05030A   22099.12306042  .00000155  00000+0  00000+0 0  9993
2 28790   1.0870  92.8137 0002149 271.5296 270.1892  1.00271919 60951
ANIK F1R                
1 28868U 05036A   22098.53544522 -.00000075  00000+0  00000+0 0  9998
2 28868   0.3835  93.6664 0003102 301.2564 247.3099  1.00272980 31102
GALAXY 15 (G-15)        
1 28884U 05041A   22098.47747973  .00000078  00000+0  00000+0 0  9992
2 28884   0.0558  85.5798 0001735 294.7831 215.2312  1.00269346 60263
SYRACUSE 3A             
1 28885U 05041B   22099.12585140  .00000128  00000+0  00000+0 0  9998
2 28885   0.9486  94.0496 0003329 290.5635 265.0176  1.00272566 60382
INMARSAT 4-F2           
1 28899U 05044A   22098.61735363  .00000011  00000+0  00000+0 0  9994
2 28899   3.4513  36.7195 0002574 345.7179 100.5518  1.00272775 60174
SPACEWAY 2              
1 28903U 05046B   22099.21490775  .00000103  00000+0  00000+0 0  9996
2 28903   1.7528  88.2827 0000169   7.4988  40.1230  1.00273302 60154
METEOSAT-9 (MSG-2)      
1 28912U 05049B   22099.12419427  .00000141  00000+0  00000+0 0  9996
2 28912   5.8653  66.7178 0000743 258.9586 315.0820  1.00435560 59730
EUTELSAT 174A           
1 28924U 05052A   22099.15114466  .00000009  00000+0  00000+0 0  9994
2 28924   0.3367  91.3607 0006288 288.1662  46.2442  1.00272798 59641
ECHOSTAR 10             
1 28935U 06003A   22099.21503862 -.00000057  00000+0  00000+0 0  9996
2 28935   0.0507  73.7584 0002464 261.5287 189.3785  1.00272755 59174
SPAINSAT                
1 28945U 06007A   22097.53944329 -.00000217  00000+0  00000+0 0  9999
2 28945   0.0201 218.6672 0002612 151.6416 349.6917  1.00272680 58862
EUTELSAT HOTBIRD 13E    
1 28946U 06007B   22098.73260694  .00000086  00000+0  00000+0 0  9992
2 28946   0.0462 167.5391 0002018 237.1480  69.0090  1.00270426 58965
JCSAT-5A                
1 29045U 06010A   22098.73125362 -.00000329  00000+0  00000+0 0  9990
2 29045   0.0413 105.3693 0002071 292.6876 194.2101  1.00272338 58419
ASTRA 1KR               
1 29055U 06012A   22098.87158083  .00000118  00000+0  00000+0 0  9999
2 29055   0.0108 147.2230 0002204 162.4212 220.3784  1.00269760 30388
EWS-G1 (GOES 13)        
1 29155U 06018A   22098.69687407  .00000035  00000+0  00000+0 0  9991
2 29155   0.4189  96.7752 0001812 156.5345 256.0173  1.00274097 28030
EUTELSAT 113 WEST A     
1 29162U 06020A   22099.09392956 -.00000038  00000+0  00000+0 0  9993
2 29162   0.0568  77.5333 0003037 304.7913  95.7986  1.00271854 58127
GALAXY 16 (G-16)        
1 29236U 06023A   22098.54555645 -.00000128  00000+0  00000+0 0  9993
2 29236   0.0172 253.2261 0002690 115.0762 285.8613  1.00273061 57627
EUTELSAT HOTBIRD 13B    
1 29270U 06032A   22099.11904838  .00000086  00000+0  00000+0 0  9999
2 29270   0.0688  14.7360 0005931 346.6314 251.8171  1.00271208 57514
JCSAT-3A                
1 29272U 06033A   22098.88794056 -.00000346  00000+0  00000+0 0  9994
2 29272   0.0153 217.9365 0002022 171.9059 254.9307  1.00272497 32393
SYRACUSE 3B             
1 29273U 06033B   22098.32606743 -.00000045  00000+0  00000+0 0  9995
2 29273   0.0121 195.7256 0004052 196.1758 276.8384  1.00271590 57355
KOREASAT 5 (MUGUNGWHA 5)
1 29349U 06034A   22098.80188091 -.00000359  00000+0  00000+0 0  9992
2 29349   0.0146 143.2657 0001373 216.7696 238.7194  1.00270539 25973
DIRECTV 9S              
1 29494U 06043A   22098.54376387 -.00000114  00000+0  00000+0 0  9990
2 29494   0.0153 197.0363 0002940 174.6184 279.6787  1.00272400 36038
OPTUS D1                
1 29495U 06043B   22099.14835368 -.00000111  00000+0  00000+0 0  9994
2 29495   0.0447  78.2716 0003483 296.7296  35.7767  1.00272287 56809
XM-4 (BLUES)            
1 29520U 06049A   22099.09349347 -.00000024  00000+0  00000+0 0  9993
2 29520   0.0514 326.1417 0001465  18.1159 131.4780  1.00272717 56658
BADR-4                  
1 29526U 06051A   22098.64471125  .00000143  00000+0  00000+0 0  9993
2 29526   0.0459   5.6375 0004664 351.7841  97.5100  1.00273258 35928
WILDBLUE-1              
1 29643U 06054A   22099.11828678 -.00000050  00000+0  00000+0 0  9996
2 29643   0.0126 240.4400 0001637 136.8711 111.4276  1.00271365 56203
AMC-18                  
1 29644U 06054B   22098.45405587 -.00000217  00000+0  00000+0 0  9998
2 29644   0.0494  75.8158 0002538 299.3419 261.9821  1.00273147 56198
INSAT-4B                
1 30793U 07007A   22098.89591937 -.00000157  00000+0  00000+0 0  9990
2 30793   2.1399  92.4472 0009349 108.2624  69.5972  0.99077082 55206
SKYNET 5A               
1 30794U 07007B   22099.06366487 -.00000271  00000+0  00000+0 0  9998
2 30794   1.9971  88.6429 0002898 302.7366 283.9959  1.00273682 55300
ANIK F3                 
1 31102U 07009A   22099.23806091 -.00000002  00000+0  00000+0 0  9995
2 31102   0.0161 241.4266 0002404 124.1387 158.8947  1.00271145 54998
ASTRA 1L                
1 31306U 07016A   22098.87158087  .00000119  00000+0  00000+0 0  9991
2 31306   0.0119   8.1354 0004133 330.1557 191.7442  1.00272383 29670
GALAXY 17 (G-17)        
1 31307U 07016B   22099.11646417 -.00000176  00000+0  00000+0 0  9993
2 31307   0.0479  74.2099 0002848 291.1564 142.8960  1.00272583 54734
ZHONGXING-6B            
1 31800U 07031A   22099.17668402 -.00000363  00000+0  00000+0 0  9990
2 31800   0.0149 241.8225 0003685 129.9759   4.7020  1.00275126 54136
DIRECTV 10              
1 31862U 07032A   22099.09593558 -.00000104  00000+0  00000+0 0  9992
2 31862   0.0151  82.9113 0000955 101.6653 304.4924  1.00269179 54060
SPACEWAY 3              
1 32018U 07036A   22097.87760076 -.00000152  00000+0  00000+0 0  9998
2 32018   0.0564  57.8550 0000159  77.5451 281.7011  1.00272224 31199
BSAT-3A                 
1 32019U 07036B   22098.71756424 -.00000351  00000+0  00000+0 0  9996
2 32019   0.0436 140.4839 0000573 143.9082 280.7049  1.00270213 35173
OPTUS D2                
1 32252U 07044A   22099.25007060 -.00000184  00000+0  00000+0 0  9993
2 32252   0.0162 250.5784 0003649 123.7793  65.1462  1.00271839 53104
INTELSAT 11 (IS-11)     
1 32253U 07044B   22098.46199274 -.00000269  00000+0  00000+0 0  9999
2 32253   0.0151 189.7635 0001774 178.4936 311.7734  1.00270803 53140
WGS F1 (USA 195)        
1 32258U 07046A   22098.90239854  .00000040  00000+0  00000+0 0  9990
2 32258   0.0161 200.7183 0000203  93.6913 233.5768  1.00270722 52975
STAR ONE C1             
1 32293U 07056A   22099.21988642 -.00000277  00000+0  00000+0 0  9994
2 32293   0.7878  93.2397 0010422 188.0129 149.5832  0.99069507 52769
SKYNET 5B               
1 32294U 07056B   22099.12149049  .00000141  00000+0  00000+0 0  9994
2 32294   1.3531  89.6217 0003721 287.4753 249.0607  1.00272347 52851
ASTRA 4A (SIRIUS 4)     
1 32299U 07057A   22098.32798624  .00000032  00000+0  00000+0 0  9999
2 32299   0.0531  72.3405 0002855 299.7305 307.3679  1.00273159 36329
HORIZONS-2              
1 32388U 07063B   22099.06368760 -.00000184  00000+0  00000+0 0  9990
2 32388   0.0199 100.1234 0002638 264.9849 299.9559  1.00273153 52532
THURAYA-3               
1 32404U 08001A   22098.79583104 -.00000301  00000+0  00000+0 0  9993
2 32404   4.0122  21.9924 0002330 356.4818 203.5522  1.00272568 52146
EXPRESS-AM33            
1 32478U 08003A   22099.11425139 -.00000090  00000+0  00000+0 0  9991
2 32478   0.8823  93.5902 0000428 346.4039 147.3721  1.00272727 52266
THOR 5                  
1 32487U 08006A   22099.11634462 -.00000010  00000+0  00000+0 0  9997
2 32487   0.0100 224.8254 0002458 154.8628 218.7781  1.00271760 51832
AMC-14                  
1 32708U 08011A   22097.03877829  .00000081  00000+0  00000+0 0  9991
2 32708  21.9669  39.0686 0044189 359.7748 188.3819  1.00271918 52796
DIRECTV 11              
1 32729U 08013A   22099.09672053 -.00000127  00000+0  00000+0 0  9998
2 32729   0.0092  75.4378 0000200 245.1043 172.4221  1.00272198 51590
ICO G1                  
1 32763U 08016A   22098.39568934 -.00000170  00000+0  00000+0 0  9991
2 32763   3.9667  25.2173 0002247 354.5933 226.4104  1.00272606 51190
VINASAT-1               
1 32767U 08018A   22098.73125285 -.00000330  00000+0  00000+0 0  9991
2 32767   0.0106 162.4444 0002059 248.3174 181.3779  1.00270549 51251
STAR ONE C2             
1 32768U 08018B   22099.17530407 -.00000278  00000+0  00000+0 0  9998
2 32768   0.0654  67.1438 0002401 306.8734 181.4917  1.00271412 51207
TIANLIAN 1-01           
1 32779U 08019A   22098.32039825 -.00000134  00000+0  00000+0 0  9996
2 32779   6.3808  74.4980 0006035 268.2340 295.8827  0.97415423   440
AMOS-3                  
1 32794U 08022A   22098.32624187 -.00000036  00000+0  00000+0 0  9999
2 32794   0.0120 205.4502 0002481 180.4108 284.0094  1.00272827 51096
GALAXY 18 (G-18)        
1 32951U 08024A   22098.51683252  .00000024  00000+0  00000+0 0  9991
2 32951   0.0134 136.7215 0002985 232.9417 250.1352  1.00272886 30507
CHINASAT 9 (ZX 9)       
1 33051U 08028A   22098.83313372 -.00000249  00000+0  00000+0 0  9995
2 33051   0.0167 200.1862 0004513 191.0143 197.9963  1.00272152 50693
SKYNET 5C               
1 33055U 08030A   22098.39523613 -.00000140  00000+0  00000+0 0  9994
2 33055   0.0648   5.8496 0003368  29.9097 285.2950  1.00273505 50609
TURKSAT 3A              
1 33056U 08030B   22098.47900027  .00000145  00000+0  00000+0 0  9996
2 33056   0.0506  91.6054 0004462 309.0681  10.4876  1.00275774 37007
INTELSAT 25 (IS-25)     
1 33153U 08034A   22098.46434762 -.00000225  00000+0  00000+0 0  9995
2 33153   0.0107 171.2096 0003137 214.6959 306.4470  1.00270923 50341
BADR-6                  
1 33154U 08034B   22099.12166493  .00000143  00000+0  00000+0 0  9991
2 33154   0.0580  42.9837 0006479 356.3052 227.8550  1.00269851 50404
ECHOSTAR 11             
1 33207U 08035A   22098.53364921 -.00000058  00000+0  00000+0 0  9997
2 33207   0.0503  79.2122 0002682 284.0111 275.6510  1.00272649 35884
SUPERBIRD-C2            
1 33274U 08038A   22098.92987227 -.00000252  00000+0  00000+0 0  9993
2 33274   0.0216 250.5837 0001708 161.2426 264.0375  1.00271695 50034
AMC-21                  
1 33275U 08038B   22099.01979416  .00000035  00000+0  00000+0 0  9994
2 33275   0.0296 298.0844 0002481  79.6860  61.6994  1.00273452 50122
INMARSAT 4-F3           
1 33278U 08039A   22098.54744399 -.00000139  00000+0  00000+0 0  9991
2 33278   3.2891  19.2478 0002438  12.9109 263.6947  1.00272367 31197
NIMIQ 4                 
1 33373U 08044A   22099.19875618 -.00000221  00000+0  00000+0 0  9996
2 33373   0.0209 254.0743 0002352 131.5294 161.3547  1.00270566 49494
GALAXY 19 (G-19)        
1 33376U 08045A   22099.09715663 -.00000140  00000+0  00000+0 0  9992
2 33376   0.0158 239.6743 0002868 138.3336 117.2872  1.00272716 49493
ASTRA 1M                
1 33436U 08057A   22099.12026943  .00000119  00000+0  00000+0 0  9997
2 33436   0.0515  98.5961 0002427 333.2980 187.9024  1.00274470 49136
CIEL-2                  
1 33453U 08063A   22098.51021608  .00000057  00000+0  00000+0 0  9999
2 33453   0.0121 221.0528 0002892 155.0524 235.4527  1.00271804 48785
EUTELSAT HOTBIRD 13C    
1 33459U 08065A   22098.73260757  .00000086  00000+0  00000+0 0  9993
2 33459   0.0550  40.1245 0004834 357.1114  76.4535  1.00270924 32003
EUTELSAT 48D            
1 33460U 08065B   22099.11398972 -.00000100  00000+0  00000+0 0  9997
2 33460   1.2861  93.3271 0003257 285.1923 207.3553  1.00272865 48769
FENGYUN 2E              
1 33463U 08066A   22099.42073590 -.00000199  00000+0  00000+0 0  9999
2 33463   5.7540  65.6840 0004006   4.1708   5.4975  1.00278371 48754
EXPRESS-AM44            
1 33595U 09007A   22099.18603191 -.00000090  00000+0  00000+0 0  9990
2 33595   0.0255 308.4547 0000815 148.7291 156.1815  1.00271871 48215
NSS-9                   
1 33749U 09008A   22098.75726174  .00000071  00000+0  00000+0 0  9999
2 33749   0.0526  68.7974 0001972 299.2569 284.6140  1.00271546 48185
EUTELSAT 33E            
1 33750U 09008B   22099.12306042  .00000155  00000+0  00000+0 0  9994
2 33750   0.0565  23.8560 0003993 351.1831 259.6912  1.00274219 48255
TELSTAR 11N             
1 34111U 09009A   22099.23087042 -.00000252  00000+0  00000+0 0  9994
2 34111   0.0166 180.7187 0001512 176.4797 245.8097  1.00271525 48074
EUTELSAT 10A            
1 34710U 09016A   22099.11843786  .00000067  00000+0  00000+0 0  9992
2 34710   0.0595  15.8366 0005345   3.0220 231.1024  1.00272687 47624
WGS F2 (USA 204)        
1 34713U 09017A   22098.65544812  .00000066  00000+0  00000+0 0  9991
2 34713   0.0181 195.4611 0000659  65.3681 229.5037  1.00273197 30276
SES-7 (PROTOSTAR 2)     
1 34941U 09027A   22098.99450090 -.00000346  00000+0  00000+0 0  9998
2 34941   0.1004  89.2544 0001948 235.5030 338.7267  1.00271917 47274
MEASAT-3A               
1 35362U 09032A   22098.83313372 -.00000243  00000+0  00000+0 0  9992
2 35362   0.0292 212.6141 0000847  87.9781 287.8794  1.00270585 46902
GOES 14                 
1 35491U 09033A   22098.62154446 -.00000093  00000+0  00000+0 0  9991
2 35491   0.1540  90.7120 0011695 133.0686  92.3343  1.00272520 46768
FM-5                    
1 35493U 09034A   22099.02755656 -.00000202  00000+0  00000+0 0  9991
2 35493   0.0148 261.5933 0000180 117.7094 101.7244  1.00272918 46634
TERRESTAR-1             
1 35496U 09035A   22099.09436565 -.00000055  00000+0  00000+0 0  9993
2 35496   3.1069  37.0934 0002821 340.7181 102.4716  1.00271954 46810
ASIASAT 5               
1 35696U 09042A   22099.06471149 -.00000308  00000+0  00000+0 0  9998
2 35696   0.0190 139.5466 0001487 214.2629 327.2617  1.00272560 46327
JCSAT-12 (JCSAT-RA)     
1 35755U 09044A   22098.73125289 -.00000329  00000+0  00000+0 0  9993
2 35755   0.0101 201.4661 0001543 117.5684 273.2201  1.00272833 46265
OPTUS D3                
1 35756U 09044B   22098.79198753 -.00000148  00000+0  00000+0 0  9995
2 35756   0.0182  21.7859 0004375 346.7041 269.6510  1.00271487 46284
NIMIQ 5                 
1 35873U 09050A   22098.45606189 -.00000258  00000+0  00000+0 0  9994
2 35873   0.0167 195.9651 0002974 201.3615 250.8397  1.00270976 46004
AMAZONAS 2              
1 35942U 09054A   22098.45841678 -.00000283  00000+0  00000+0 0  9997
2 35942   0.0467 118.8449 0002839 304.1858 237.7069  1.00272013 45838
COMSATBW-1              
1 35943U 09054B   22099.12899125  .00000024  00000+0  00000+0 0  9995
2 35943   0.0733  93.5105 0002692 307.5501 265.7134  1.00271708 45915
NSS-12                  
1 36032U 09058A   22099.12785742  .00000070  00000+0  00000+0 0  9999
2 36032   0.0487  73.4769 0002699 300.8928 285.9959  1.00272791 45563
THOR 6                  
1 36033U 09058B   22098.97278358 -.00000011  00000+0  00000+0 0  9998
2 36033   0.0122 160.6397 0001545 198.3018 187.6221  1.00271566 45621
INTELSAT 14 (IS-14)     
1 36097U 09064A   22098.46164385 -.00000274  00000+0  00000+0 0  9994
2 36097   0.0157 172.4957 0002637 214.3106 291.0891  1.00272599 45251
EUTELSAT 36B            
1 36101U 09065A   22099.12358373  .00000154  00000+0  00000+0 0  9993
2 36101   0.0685  13.1802 0005311  11.0622 253.4702  1.00273362 45465
INTELSAT 15 (IS-15)     
1 36106U 09067A   22099.13343939 -.00000186  00000+0  00000+0 0  9999
2 36106   0.0126 285.0030 0002286  86.7477 318.7912  1.00271527 45254
WGS F3 (USA 211)        
1 36108U 09068A   22098.05813330 -.00000069  00000+0  00000+0 0  9999
2 36108   0.1677  93.1557 0000866 327.0063 248.0235  0.99447654 31255
DIRECTV 12              
1 36131U 09075A   22098.54216321 -.00000105  00000+0  00000+0 0  9995
2 36131   0.0043 245.2374 0000960 304.3853  99.6016  1.00270872 45031
BEIDOU 3                
1 36287U 10001A   22098.86209763 -.00000281  00000+0  00000+0 0  9990
2 36287   1.9618  49.4098 0003352  11.9371 226.5057  1.00273944 44816
RADUGA-1M 2             
1 36358U 10002A   22098.89973649 -.00000185  00000+0  00000+0 0  9997
2 36358   0.0757 262.0355 0002269 165.9900 178.0073  1.00270782 34749
SDO                     
1 36395U 10005A   22098.54216310 -.00000053  00000+0  00000+0 0  9992
2 36395  31.5186 110.3493 0001787 257.9395 281.8141  1.00274511 44718
INTELSAT 16 (IS-16)     
1 36397U 10006A   22098.45545137 -.00000246  00000+0  00000+0 0  9991
2 36397   0.0153 256.1006 0001851 110.2602 278.0849  1.00272690 44302
GOES 15                 
1 36411U 10008A   22098.51011109  .00000055  00000+0  00000+0 0  9991
2 36411   0.1263 106.8255 0001484 315.9953 189.1478  1.00272398 44310
ECHOSTAR 14             
1 36499U 10010A   22098.52197323 -.00000001  00000+0  00000+0 0  9996
2 36499   0.0142 232.9921 0002649 143.9021 248.8737  1.00271104 31200
SES-1                   
1 36516U 10016A   22098.54376437 -.00000115  00000+0  00000+0 0  9995
2 36516   0.0387  59.2470 0002440 310.0955 282.1836  1.00273179 43693
ASTRA 3B                
1 36581U 10021A   22098.64187219  .00000136  00000+0  00000+0 0  9994
2 36581   0.0816  66.5088 0003907 287.1093  97.8375  1.00275168 43536
COMSATBW-2              
1 36582U 10021B   22098.62732094  .00000087  00000+0  00000+0 0  9995
2 36582   0.0316  93.8771 0002192 287.3722  54.6701  1.00268777 43600
BADR-5                  
1 36592U 10025A   22098.64471225  .00000144  00000+0  00000+0 0  9992
2 36592   0.0239 146.5819 0002340 283.6752  24.7400  1.00277151 37862
COMS 1                  
1 36744U 10032A   22098.49618223 -.00000345  00000+0  00000+0 0  9997
2 36744   0.8846  94.0701 0000784 282.4014 127.0225  1.00270208 35741
ARABSAT-5A              
1 36745U 10032B   22098.65001230  .00000152  00000+0  00000+0 0  9995
2 36745   0.0629  35.9540 0003269  16.0284  49.3718  1.00271584 43301
ECHOSTAR 15             
1 36792U 10034A   22098.45832956 -.00000283  00000+0  00000+0 0  9990
2 36792   0.0542  80.1642 0002133 264.1113 315.7712  1.00273656 42987
BEIDOU 5                
1 36828U 10036A   22098.80667748 -.00000133  00000+0  00000+0 0  9990
2 36828  54.1902 176.8678 0027761 185.6714 233.2599  1.00266324 42887
NILESAT 201             
1 36830U 10037A   22099.11503634 -.00000059  00000+0  00000+0 0  9999
2 36830   0.0421 155.2965 0005907 242.6832 193.7673  1.00272003 42940
RASCOM-QAF 1R           
1 36831U 10037B   22099.11704236  .00000017  00000+0  00000+0 0  9994
2 36831   0.0373 106.9037 0005134 267.1741 228.2666  1.00272002 42948
AEHF-1 (USA 214)        
1 36868U 10039A   22099.11730402  .00000027  00000+0  00000+0 0  9991
2 36868   4.3581  87.6926 0005238 341.3548 174.5142  1.00270503 43096
CHINASAT 6A (ZX 6A)     
1 37150U 10042A   22098.46242882 -.00000273  00000+0  00000+0 0  9991
2 37150   0.2698  97.3536 0004531 294.7426 290.6192  0.99703114 42619
QZS-1 (MICHIBIKI-1)     
1 37158U 10045A   22098.95049503 -.00000106  00000+0  00000+0 0  9996
2 37158  42.2580 134.3470 0753325 270.2249 277.8493  1.00275986 42374
XM-5                    
1 37185U 10053A   22099.09349347 -.00000024  00000+0  00000+0 0  9999
2 37185   0.0117 227.9584 0000761 320.8230 286.9949  1.00272960 42105
BSAT-3B                 
1 37207U 10056B   22098.89591289 -.00000352  00000+0  00000+0 0  9992
2 37207   0.0543  27.0478 0003372 316.2543 286.1968  1.00273240 36772
BEIDOU 6                
1 37210U 10057A   22098.86131881 -.00000113  00000+0  00000+0 0  9997
2 37210   0.7446  39.2680 0002258 200.1022  67.7696  1.00271758 41937
SKYTERRA 1              
1 37218U 10061A   22099.09628444 -.00000118  00000+0  00000+0 0  9997
2 37218   2.3719  29.8709 0004016 350.3575 110.4296  1.00273042 41882
ZHONGXING-20A           
1 37234U 10064A   22098.85460301 -.00000350  00000+0  00000+0 0  9995
2 37234   2.4744  89.3423 0002683 270.6787 271.0844  1.00276638 41685
HYLAS 1                 
1 37237U 10065A   22099.23325421  .00000026  00000+0  00000+0 0  9994
2 37237   1.7423  90.8960 0002075 273.3595 153.8877  1.00272491 41663
INTELSAT 17 (IS-17)     
1 37238U 10065B   22099.12960178 -.00000002  00000+0  00000+0 0  9992
2 37238   0.0172 202.0472 0002448 179.0777 288.8698  1.00270935 41571
BEIDOU 7                
1 37256U 10068A   22098.27110834 -.00000172  00000+0  00000+0 0  9994
2 37256  50.3372 290.4811 0018505 182.1748 290.1004  1.00271754 41446
EUTELSAT KA-SAT 9A      
1 37258U 10069A   22098.30882559  .00000060  00000+0  00000+0 0  9996
2 37258   0.0636 265.9323 0004675 179.4035 231.3850  1.00268738 28640
HISPASAT 30W-5          
1 37264U 10070A   22099.11050101 -.00000217  00000+0  00000+0 0  9990
2 37264   0.0486 106.4737 0003821 298.1426 162.4799  1.00274031 41322
KOREASAT 6              
1 37265U 10070B   22098.78411963 -.00000363  00000+0  00000+0 0  9992
2 37265   0.0314  74.0458 0001311 307.1840 214.0532  1.00270715 41421
BEIDOU 8                
1 37384U 11013A   22098.80188091 -.00000166  00000+0  00000+0 0  9999
2 37384  60.1965  54.9458 0018482 194.6133 344.9482  1.00274096 40321
INTELSAT NEW DAWN       
1 37392U 11016A   22099.12297321  .00000155  00000+0  00000+0 0  9991
2 37392   0.0194 153.7012 0001107 280.1727 200.5436  1.00272657 40177
YAHSAT 1A               
1 37393U 11016B   22098.91815116  .00000100  00000+0  00000+0 0  9996
2 37393   0.0144 233.5795 0001264 177.1394 169.4480  1.00272778 40218
SBIRS GEO-1 (USA 230)   
1 37481U 11019A   22099.41663666 -.00000008  00000+0  00000+0 0  9992
2 37481   1.8704  19.7386 0001793 350.4468  43.6385  1.00273182 40006
TELSTAR 14R             
1 37602U 11021A   22098.45806791 -.00000281  00000+0  00000+0 0  9994
2 37602   0.0301 338.5855 0003035  34.8912 285.1200  1.00272460 40485
GSAT-8                  
1 37605U 11022A   22098.61559455  .00000083  00000+0  00000+0 0  9997
2 37605   0.0405  90.9837 0005523 205.7576 176.8202  1.00273416 37870
ST-2                    
1 37606U 11022B   22098.90118647 -.00000213  00000+0  00000+0 0  9990
2 37606   0.0168 219.0471 0001358 184.9044 205.5843  1.00274965 39935
CHINASAT 10 (ZX 10)     
1 37677U 11026A   22098.89591973 -.00000353  00000+0  00000+0 0  9992
2 37677   0.0446 239.9385 0001425 296.5940  93.5973  1.00270472 39643
TIANLIAN 1-02           
1 37737U 11032A   22098.90228035 -.00000049  00000+0  00000+0 0  9996
2 37737   2.1479  73.8410 0082125 356.1969 258.8915  1.00274308 39377
GSAT-12                 
1 37746U 11034A   22099.12602583  .00000124  00000+0  00000+0 0  9990
2 37746   1.2037  93.2203 0010065 341.2715 216.1620  1.00271767 39614
SES-3                   
1 37748U 11035A   22099.09593558 -.00000103  00000+0  00000+0 0  9998
2 37748   0.0565  69.0407 0002567 311.9573 107.8581  1.00272195 39359
KAZSAT-2                
1 37749U 11035B   22098.48780931 -.00000200  00000+0  00000+0 0  9992
2 37749   0.0418 295.4505 0000798 145.0673  18.3329  1.00272828 38046
BEIDOU 9                
1 37763U 11038A   22098.60080204 -.00000076  00000+0  00000+0 0  9992
2 37763  54.4726 179.3518 0095210 226.9329  99.1147  1.00293074 39290
ASTRA 1N                
1 37775U 11041A   22098.87158098  .00000119  00000+0  00000+0 0  9992
2 37775   0.0603  44.0021 0005294 343.5663 142.4786  1.00272690 29180
BSAT-3C (JCSAT-110R)    
1 37776U 11041B   22098.89591962 -.00000352  00000+0  00000+0 0  9996
2 37776   0.0552  59.4688 0000210  19.0110 191.1209  1.00270674 35131
PAKSAT-1R               
1 37779U 11042A   22098.86687457  .00000152  00000+0  00000+0 0  9999
2 37779   0.0271 282.4425 0003240 120.9323 143.7558  1.00271035 39139
CHINASAT 1A (ZX 1A)     
1 37804U 11047A   22098.90526243 -.00000339  00000+0  00000+0 0  9991
2 37804   0.0454  24.1705 0001896 328.4849 300.2137  1.00271720 12018
SES-2                   
1 37809U 11049A   22099.11646417 -.00000197  00000+0  00000+0 0  9990
2 37809   0.0518  77.2388 0002715 296.9824 138.0433  1.00271833 38652
ARABSAT-5C              
1 37810U 11049B   22098.87158115  .00000122  00000+0  00000+0 0  9994
2 37810   0.0576   3.3889 0001619 109.5763  57.8922  1.00269910 38718
EUTELSAT 7 WEST A       
1 37816U 11051A   22099.11503634 -.00000061  00000+0  00000+0 0  9994
2 37816   0.0748  38.3496 0002123 118.6912  74.4098  1.00272456 38623
QUETZSAT 1              
1 37826U 11054A   22099.10108145 -.00000243  00000+0  00000+0 0  9997
2 37826   0.0455  63.3378 0002609 317.2491 136.1140  1.00272377 38754
INTELSAT 18 (IS-18)     
1 37834U 11056A   22098.53562604  .00000051  00000+0  00000+0 0  9994
2 37834   0.0414  23.2433 0001923 348.4872 197.8502  1.00271589 38460
EUTELSAT 16A            
1 37836U 11057A   22098.63006709  .00000103  00000+0  00000+0 0  9995
2 37836   0.0691   6.5244 0005033  12.6886  60.4740  1.00270491 30624
VIASAT-1                
1 37843U 11059A   22099.24266687 -.00000025  00000+0  00000+0 0  9990
2 37843   0.0188 220.9577 0001829 153.8069 154.9487  1.00273083 38933
ASIASAT 7               
1 37933U 11069A   22098.68096160 -.00000335  00000+0  00000+0 0  9999
2 37933   0.0158 247.9169 0001579  88.4854 211.1641  1.00271317 38119
BEIDOU 10               
1 37948U 11073A   22098.94911314 -.00000121  00000+0  00000+0 0  9999
2 37948  50.4502 290.1079 0077281 217.4809 126.8773  1.00268358 38056
LUCH 5A                 
1 37951U 11074B   22098.90400720 -.00000046  00000+0  00000+0 0  9990
2 37951   4.8434  99.0133 0004120 300.7748 289.7169  1.00272680 37841
NIGCOMSAT 1R            
1 38014U 11077A   22099.19667252  .00000144  00000+0  00000+0 0  9999
2 38014   0.0349   4.2155 0003503  29.6171 276.8550  1.00272951 37682
FENGYUN 2F              
1 38049U 12002A   22098.71060664 -.00000355  00000+0  00000+0 0  9992
2 38049   3.6219  80.1843 0004733   5.8968 118.5115  1.00262100 37536
WGS F4 (USA 233)        
1 38070U 12003A   22098.48824538 -.00000216  00000+0  00000+0 0  9995
2 38070   0.0163 195.4393 0000285  90.2570 175.2137  1.00271833 28801
SES-4                   
1 38087U 12007A   22098.39445117 -.00000169  00000+0  00000+0 0  9996
2 38087   0.0202 279.7405 0002269 100.6574 296.2236  1.00271596 36884
BEIDOU 11               
1 38091U 12008A   22098.95281786  .00000057  00000+0  00000+0 0  9999
2 38091   1.4108  65.4376 0014814 322.1272 211.2886  1.00271660 37130
MUOS-1                  
1 38093U 12009A   22098.54408476 -.00000127  00000+0  00000+0 0  9993
2 38093   2.8590  30.1486 0059191 359.1413 263.3870  1.00272321 37098
INTELSAT 22 (IS-22)     
1 38098U 12011A   22099.13082285 -.00000060  00000+0  00000+0 0  9999
2 38098   0.0147 227.9001 0002741 152.2014 296.4326  1.00272116 36700
APSTAR 7                
1 38107U 12013A   22099.13169503 -.00000103  00000+0  00000+0 0  9999
2 38107   0.0166 180.4266 0002044 225.5381 275.3034  1.00272344 36823
YAHSAT 1B               
1 38245U 12016A   22098.59259139  .00000125  00000+0  00000+0 0  9992
2 38245   0.0207 129.1181 0001261 294.6577  33.9718  1.00273093 30241
AEHF-2 (USA 235)        
1 38254U 12019A   22099.09767994 -.00000159  00000+0  00000+0 0  9992
2 38254   3.2033  60.2370 0003527 315.5127 122.5016  1.00273802 36339
JCSAT-13                
1 38331U 12023A   22098.90111963 -.00000358  00000+0  00000+0 0  9992
2 38331   0.0150 188.3714 0002439 206.5845 250.5786  1.00271569 36188
VINASAT-2               
1 38332U 12023B   22098.73125319 -.00000330  00000+0  00000+0 0  9994
2 38332   0.0323  67.2992 0002327 322.3408 202.4120  1.00273731 31313
NIMIQ 6                 
1 38342U 12026A   22098.56005948 -.00000175  00000+0  00000+0 0  9991
2 38342   0.0108 187.6210 0002660 183.4837 296.2108  1.00272098 36246
CHINASAT 2A (ZX 2A)     
1 38352U 12028A   22099.26366774 -.00000294  00000+0  00000+0 0  9991
2 38352   0.0442  40.2712 0002931 348.7871   1.5848  1.00273791 36300
INTELSAT 19 (IS-19)     
1 38356U 12030A   22098.84840872 -.00000058  00000+0  00000+0 0  9995
2 38356   0.0185 222.4772 0003357 167.4210 278.6057  1.00271654 35094
ECHOSTAR 17             
1 38551U 12035A   22099.21621775 -.00000076  00000+0  00000+0 0  9998
2 38551   0.0179 179.8266 0002089 197.8885 150.4552  1.00271391 35784
METEOSAT-10 (MSG-3)     
1 38552U 12035B   22098.25716510  .00000060  00000+0  00000+0 0  9996
2 38552   1.4270  36.5309 0001905 255.9379   5.9845  1.00266265 35502
SES-5                   
1 38652U 12036A   22098.32807345  .00000032  00000+0  00000+0 0  9992
2 38652   0.0570 292.1421 0002135  79.0158 308.4820  1.00271490 29134
TIANLIAN 1-03           
1 38730U 12040A   22098.90527674  .00000124  00000+0  00000+0 0  9994
2 38730   1.8399  92.2574 0007081 322.6398 128.5086  1.00270348 35644
INTELSAT 20 (IS-20)     
1 38740U 12043A   22098.62123802 -.00000026  00000+0  00000+0 0  9994
2 38740   0.0221 134.1286 0001353  54.1635 300.6980  1.00271429 35404
HYLAS 2                 
1 38741U 12043B   22098.65134531  .00000153  00000+0  00000+0 0  9999
2 38741   0.0373  94.3512 0002027 268.3725  99.6697  1.00269986 35427
INTELSAT 21 (IS-21)     
1 38749U 12045A   22098.45902730 -.00000286  00000+0  00000+0 0  9999
2 38749   0.0151 161.5207 0002023 205.4550 296.9722  1.00273141 35183
ASTRA 2F                
1 38778U 12051A   22098.64858128  .00000149  00000+0  00000+0 0  9997
2 38778   0.0612 238.7005 0001447  31.1421 188.7610  1.00276724 25778
GSAT-10                 
1 38779U 12051B   22098.90118647 -.00000166  00000+0  00000+0 0  9992
2 38779   0.0130 197.8964 0000956  55.2437 351.3921  1.00270496 34774
INTELSAT 23 (IS-23)     
1 38867U 12057A   22098.46007392 -.00000285  00000+0  00000+0 0  9993
2 38867   0.0403 115.3538 0001009  78.9089 115.0616  1.00272958 34593
BEIDOU 16               
1 38953U 12059A   22099.06139721 -.00000175  00000+0  00000+0 0  9998
2 38953   1.8167  84.4898 0013236 292.3201 286.5987  1.00269837 34703
LUCH 5B                 
1 38977U 12061A   22099.18498529 -.00000132  00000+0  00000+0 0  9997
2 38977   7.1436  63.1186 0003481   6.3409 178.2501  1.00272385 34830
YAMAL 300K              
1 38978U 12061B   22098.75726174  .00000070  00000+0  00000+0 0  9990
2 38978   0.0168 228.4333 0000597   6.5577  57.5602  1.00272823 34285
STAR ONE C3             
1 38991U 12062A   22098.45562580 -.00000250  00000+0  00000+0 0  9993
2 38991   0.0147 203.5329 0002200 178.0653 264.1171  1.00271020 34509
EUTELSAT 21B            
1 38992U 12062B   22099.19257326  .00000129  00000+0  00000+0 0  9999
2 38992   0.0699   7.8991 0002672  18.2057 262.2361  1.00269775 34524
ECHOSTAR 16             
1 39008U 12065A   22098.96066025 -.00000283  00000+0  00000+0 0  9991
2 39008   0.0171 187.8702 0001986 189.4633 104.1842  1.00271995 34463
CHINASAT 12 (ZX 12)     
1 39017U 12067A   22099.02221625 -.00000208  00000+0  00000+0 0  9997
2 39017   0.0182 201.1191 0002866 179.0813 272.5321  1.00270603 34366
EUTELSAT 70B            
1 39020U 12069A   22098.83685243 -.00000045  00000+0  00000+0 0  9990
2 39020   0.0680  25.5196 0001661 200.3349 342.9540  1.00271363 34167
YAMAL 402               
1 39022U 12070A   22098.91216698  .00000084  00000+0  00000+0 0  9999
2 39022   0.0040 130.9256 0004245 249.9715 199.5310  1.00274327 34258
SKYNET 5D               
1 39034U 12075A   22099.05520471  .00000097  00000+0  00000+0 0  9994
2 39034   0.0757 351.3170 0003614  20.0433 258.5796  1.00276192 34171
MEXSAT 3                
1 39035U 12075B   22099.02180017 -.00000027  00000+0  00000+0 0  9994
2 39035   0.0120 201.4771 0001951 185.2894  63.5406  1.00271770 34130
TDRS 11                 
1 39070U 13004A   22099.24178122  .00000077  00000+0  00000+0 0  9998
2 39070   2.9960 344.1499 0007027  54.9672  70.9932  1.00275178 33647
AMAZONAS 3              
1 39078U 13006A   22098.45841678 -.00000283  00000+0  00000+0 0  9993
2 39078   0.0225 210.4841 0001693 140.3091 309.9059  1.00275698 29559
AZERSPACE 1             
1 39079U 13006B   22099.12567698  .00000131  00000+0  00000+0 0  9997
2 39079   0.0161 120.7014 0001594 284.5023 243.4092  1.00276006 33581
SBIRS GEO-2 (USA 241)   
1 39120U 13011A   22098.97705727  .00000122  00000+0  00000+0 0  9999
2 39120   1.9201  18.2116 0001877   3.8779 187.5496  1.00272850 33243
EUTELSAT 117 WEST A     
1 39122U 13012A   22098.54343007 -.00000014  00000+0  00000+0 0  9995
2 39122   0.0519  68.7148 0002831 306.9394 259.9542  1.00270951 33092
ANIK G1                 
1 39127U 13014A   22099.21621792 -.00000075  00000+0  00000+0 0  9994
2 39127   0.0097 193.2350 0001379 122.9054 211.8277  1.00272191 32901
CHINASAT 11 (ZX 11)     
1 39157U 13020A   22098.92820322 -.00000292  00000+0  00000+0 0  9992
2 39157   0.0374 264.2012 0001616 100.6560 264.3735  1.00272799 32800
EUTELSAT 7B             
1 39163U 13022A   22098.32842233  .00000047  00000+0  00000+0 0  9997
2 39163   0.0685  18.0311 0005846 349.3127 314.4377  1.00273276 32629
WGS F5 (USA 243)        
1 39168U 13024A   22099.03427236 -.00000286  00000+0  00000+0 0  9991
2 39168   0.0120 194.9235 0000523 119.5874 202.5844  1.00272246 32486
SES-6                   
1 39172U 13026A   22099.10840777 -.00000262  00000+0  00000+0 0  9999
2 39172   0.0311 300.6701 0002163  83.1244 172.0547  1.00271052 32379
IRNSS-1A                
1 39199U 13034A   22098.05567733  .00000098  00000+0  00000+0 0  9994
2 39199  32.2733  86.4467 0017926 188.4129 356.6853  1.00278546 32011
MUOS-2                  
1 39206U 13036A   22099.15280181  .00000065  00000+0  00000+0 0  9990
2 39206   2.6503  20.7465 0051079 180.6515 233.9228  1.00272665 31967
ALPHASAT                
1 39215U 13038A   22099.12140328  .00000135  00000+0  00000+0 0  9995
2 39215   2.6879  14.3493 0001908  13.4453 238.1028  1.00271932 31920
INSAT-3D                
1 39216U 13038B   22098.90118647 -.00000158  00000+0  00000+0 0  9996
2 39216   0.0359 108.8984 0001223 280.9465 213.8119  1.00271942 31757
WGS F6 (USA 244)        
1 39222U 13041A   22098.62005302  .00000088  00000+0  00000+0 0  9990
2 39222   0.0178 232.6645 0000192  20.9681  31.2395  1.00271167 30700
ES'HAIL 1               
1 39233U 13044A   22098.64329204  .00000142  00000+0  00000+0 0  9998
2 39233   0.0511  23.2083 0001868 349.2324  81.5131  1.00274387 31293
GSAT-7                  
1 39234U 13044B   22099.13125892 -.00000078  00000+0  00000+0 0  9990
2 39234   0.0594 103.6782 0006986 178.5478  36.3611  1.00272224 31551
AMOS-4                  
1 39237U 13045A   22099.12942736  .00000006  00000+0  00000+0 0  9997
2 39237   0.0238 252.4169 0003180 119.3668 297.1540  1.00272481 31540
AEHF-3 (USA 246)        
1 39256U 13050A   22098.68439792  .00000134  00000+0  00000+0 0  9999
2 39256   1.5386  70.1759 0051405 188.1210  29.9145  1.00269919 30320
ASTRA 2E                
1 39285U 13056A   22098.65093591  .00000149  00000+0  00000+0 0  9993
2 39285   0.0678 340.6665 0002027  42.7595  76.2709  1.00273925 31096
FM-6                    
1 39360U 13058A   22099.24112972 -.00000018  00000+0  00000+0 0  9996
2 39360   0.0346 269.0108 0000535 328.6303 290.4670  1.00272214 31001
RADUGA-1M 3             
1 39375U 13062A   22098.57966214  .00000155  00000+0  00000+0 0  9999
2 39375   2.0577  90.6303 0004518 126.3134 223.5532  1.00273959 30774
SES-8                   
1 39460U 13071A   22098.82757664 -.00000271  00000+0  00000+0 0  9999
2 39460   0.0113 203.6369 0002046 193.8865 192.4606  1.00273624 29082
INMARSAT 5-F1           
1 39476U 13073A   22098.61612425  .00000027  00000+0  00000+0 0  9998
2 39476   0.0168 189.2912 0000613  85.5398 206.4128  1.00270962 30245
TKSAT-1 (TUPAC KATARI)  
1 39481U 13075A   22099.11646417 -.00000196  00000+0  00000+0 0  9998
2 39481   0.0203  31.0364 0002853 332.3752 148.6311  1.00270233 30502
EXPRESS-AM5             
1 39487U 13077A   22098.85730677 -.00000282  00000+0  00000+0 0  9994
2 39487   0.0300 327.9370 0000955   1.4038 316.4027  1.00270816 31004
GSAT-14                 
1 39498U 14001A   22099.13125892 -.00000078  00000+0  00000+0 0  9996
2 39498   0.0305 131.8356 0003588 164.9747  21.7837  1.00272389 30230
THAICOM 6               
1 39500U 14002A   22098.91687677 -.00000123  00000+0  00000+0 0  9991
2 39500   0.0647 120.5490 0002757 316.2009 168.9983  1.00274859 30170
TDRS 12                 
1 39504U 14004A   22098.46242882 -.00000271  00000+0  00000+0 0  9996
2 39504   3.9225 346.0920 0004011  96.3222 239.8356  1.00270569 28925
ABS-2                   
1 39508U 14006A   22099.13143337 -.00000087  00000+0  00000+0 0  9997
2 39508   0.0661  73.1454 0003858 302.7266 303.7172  1.00272524 29977
ATHENA-FIDUS            
1 39509U 14006B   22098.47812808  .00000153  00000+0  00000+0 0  9993
2 39509   0.0124 233.7478 0001694 153.2679  19.6311  1.00275106 29725
TURKSAT 4A              
1 39522U 14007A   22099.12480479  .00000145  00000+0  00000+0 0  9998
2 39522   0.0355 259.8910 0002903  63.3364 321.0399  1.00272646 29869
EXPRESS-AT1             
1 39612U 14010A   22098.91234141  .00000077  00000+0  00000+0 0  9995
2 39612   0.0312 338.2269 0000966 140.6443 102.7051  1.00272988 29706
EXPRESS-AT2             
1 39613U 14010B   22099.04596539 -.00000283  00000+0  00000+0 0  9993
2 39613   0.0250 327.3386 0000133 133.7168 252.5780  1.00269421 29532
AMAZONAS 4A             
1 39616U 14011A   22099.17347250 -.00000254  00000+0  00000+0 0  9993
2 39616   0.0158 252.5730 0002076 141.2166 152.0638  1.00272679 29528
ASTRA 5B                
1 39617U 14011B   22099.12271156  .00000153  00000+0  00000+0 0  9997
2 39617   0.0432  16.1000 0003377 357.6215 259.2897  1.00273215 29525
IRNSS-1B                
1 39635U 14017A   22098.71881198  .00000103  00000+0  00000+0 0  9995
2 39635  28.8856 266.2652 0021559 177.9957  66.5456  1.00268260 29447
LUCH 5V                 
1 39727U 14023A   22099.06357767 -.00000268  00000+0  00000+0 0  9996
2 39727   1.3372  74.0312 0003213 342.2319 258.5805  1.00268357547164
KAZSAT-3                
1 39728U 14023B   22098.81359115  .00000059  00000+0  00000+0 0  9995
2 39728   0.0084 211.9128 0000265 317.6422  18.8856  1.00272669 27104
EUTELSAT 3B             
1 39773U 14030A   22099.11712958  .00000019  00000+0  00000+0 0  9991
2 39773   0.0647   9.7958 0002365 161.0403  71.7696  1.00271265 28872
ASIASAT 8 (AMOS-7)      
1 40107U 14046A   22098.32632910 -.00000034  00000+0  00000+0 0  9990
2 40107   0.0315 138.6133 0001550 235.3931 296.1238  1.00273019 86799
ASIASAT 6               
1 40141U 14052A   22098.93742093 -.00000363  00000+0  00000+0 0  9991
2 40141   0.0073 247.0520 0000723 102.2139 305.2619  1.00270223 27813
OPTUS 10                
1 40146U 14054A   22098.62930449 -.00000149  00000+0  00000+0 0  9990
2 40146   0.0826  47.5348 0001893 338.8027 193.0792  1.00270469 27689
MEASAT-3B               
1 40147U 14054B   22099.13466045 -.00000243  00000+0  00000+0 0  9999
2 40147   0.0548  58.5627 0003025 333.4330 305.3418  1.00270749 27831
LUCH (OLYMP)            
1 40258U 14058A   22098.88486816  .00000033  00000+0  00000+0 0  9991
2 40258   0.0405 103.2991 0000564  59.1284  55.1228  1.00269674 25644
HIMAWARI-8              
1 40267U 14060A   22098.72341061 -.00000276  00000+0  00000+0 0  9999
2 40267   0.0161 168.8277 0000840 193.3845 235.8108  1.00275429 27414
IRNSS-1C                
1 40269U 14061A   22099.06368760 -.00000161  00000+0  00000+0 0  9998
2 40269   2.8166 131.9186 0018464   4.8608 166.4671  1.00272913 27481
INTELSAT 30 (IS-30)     
1 40271U 14062A   22099.02572500 -.00000152  00000+0  00000+0 0  9997
2 40271   0.0178 231.5407 0001580 269.2937 330.6172  1.00272495 27423
ARSAT 1                 
1 40272U 14062B   22098.41992017 -.00000260  00000+0  00000+0 0  9999
2 40272   0.0279 283.6347 0001361  82.1646 270.2093  1.00271260 27265
EXPRESS-AM6             
1 40277U 14064A   22098.91815039  .00000096  00000+0  00000+0 0  9995
2 40277   0.0334 306.3519 0000133 261.1150  13.2038  1.00273414 27325
GSAT-16                 
1 40332U 14078A   22098.61559427  .00000083  00000+0  00000+0 0  9991
2 40332   0.0135 186.2368 0005754 246.2101  41.0886  1.00271839 26763
DIRECTV 14              
1 40333U 14078B   22099.09672053 -.00000127  00000+0  00000+0 0  9996
2 40333   0.0340  92.5341 0000598 166.2579 234.1343  1.00272569 26903
YAMAL 401               
1 40345U 14082A   22098.90118647 -.00000230  00000+0  00000+0 0  9992
2 40345   0.0130 187.0001 0000388 273.5571 150.9398  1.00273653 26570
ASTRA 2G                
1 40364U 14089A   22099.12210102  .00000149  00000+0  00000+0 0  9992
2 40364   0.0479  41.4672 0004598 356.9154 231.0985  1.00273475 26670
FENGYUN 2G              
1 40367U 14090A   22098.49051306 -.00000303  00000+0  00000+0 0  9998
2 40367   1.7591  90.0579 0002551 340.9342  42.0774  1.00269196 26650
MUOS-3                  
1 40374U 15002A   22099.11346642 -.00000128  00000+0  00000+0 0  9995
2 40374   2.5432   9.9991 0051320 179.6757  33.0789  1.00272117 26476
INMARSAT 5-F2           
1 40384U 15005A   22098.96196853 -.00000287  00000+0  00000+0 0  9994
2 40384   0.0169 190.7124 0000529 111.9503 185.8236  1.00269194 26336
ABS-3A                  
1 40424U 15010A   22098.90056696 -.00000028  00000+0  00000+0 0  9992
2 40424   0.0119 133.4614 0002040 169.3126 215.5487  1.00270920 26037
EUTELSAT 115 WEST B     
1 40425U 15010B   22099.24266662 -.00000026  00000+0  00000+0 0  9995
2 40425   0.0129  72.9523 0000497  42.2935  54.6782  1.00271805 26095
EXPRESS-AM7             
1 40505U 15012A   22098.47856418  .00000149  00000+0  00000+0 0  9999
2 40505   0.0174 236.0454 0003213 117.8430  55.1104  1.00269499 25659
IRNSS-1D                
1 40547U 15018A   22098.87618640 -.00000280  00000+0  00000+0 0  9995
2 40547  28.7143 266.3007 0021660 179.5588 178.3348  1.00267818 25890
BEIDOU 17               
1 40549U 15019A   22098.00445313 -.00000141  00000+0  00000+0 0  9994
2 40549  52.0039 313.5710 0035588 188.4095 149.3649  1.00257415 25724
THOR 7                  
1 40613U 15022A   22098.32693962 -.00000009  00000+0  00000+0 0  9993
2 40613   0.0198 135.0321 0002565 239.0802 299.4806  1.00272505 25468
TURKMENALEM52E/MONACOSAT
1 40617U 15023A   22099.12681080  .00000103  00000+0  00000+0 0  9999
2 40617   0.0169 185.0081 0002221 184.2753 285.7432  1.00270399 25498
DIRECTV 15              
1 40663U 15026A   22099.09593558 -.00000104  00000+0  00000+0 0  9993
2 40663   0.0174 196.4655 0000365 129.4400 163.0913  1.00270634 25196
SKY MEXICO-1            
1 40664U 15026B   22098.45492806 -.00000236  00000+0  00000+0 0  9993
2 40664   0.0115 170.8245 0002456 221.0344 249.8312  1.00272208 25186
METEOSAT-11 (MSG-4)     
1 40732U 15034A   22098.32711406 -.00000005  00000+0  00000+0 0  9998
2 40732   0.1934  19.6942 0000781  54.1417 240.5721  1.00264908 24674
STAR ONE C4             
1 40733U 15034B   22098.45667242 -.00000266  00000+0  00000+0 0  9990
2 40733   0.0272   3.3940 0003038  17.0636 270.6285  1.00272791 24674
WGS F7 (USA 263)        
1 40746U 15036A   22098.84840872  .00000016  00000+0  00000+0 0  9993
2 40746   0.0147 249.0972 0000283 137.2501 291.1314  1.00272016 24523
INTELSAT 34 (IS-34)     
1 40874U 15039A   22099.10544235 -.00000287  00000+0  00000+0 0  9993
2 40874   0.0298 298.4440 0000660 300.7631 300.5890  1.00272498 24270
EUTELSAT 8 WEST B       
1 40875U 15039B   22098.32545691 -.00000067  00000+0  00000+0 0  9990
2 40875   0.0678   7.3918 0005678  27.9362 270.4002  1.00271463 24331
GSAT-6                  
1 40880U 15041A   22098.90118647 -.00000161  00000+0  00000+0 0  9995
2 40880   0.0155 248.3433 0001659 181.9163 173.7859  1.00269547 24268
INMARSAT 5-F3           
1 40882U 15042A   22098.59280087  .00000049  00000+0  00000+0 0  9995
2 40882   0.0170 193.5082 0000239 272.7725 123.5542  1.00274299 24211
MUOS-4                  
1 40887U 15044A   22099.13134615 -.00000093  00000+0  00000+0 0  9998
2 40887   2.5547   5.0337 0058256 359.8969 314.7491  1.00272378 24213
TJS-1                   
1 40892U 15046A   22098.27708965 -.00000158  00000+0  00000+0 0  9997
2 40892   0.0849  82.7489 0006450 313.7723  54.7313  1.00271409 24200
EXPRESS-AM8             
1 40895U 15048A   22099.18542138 -.00000113  00000+0  00000+0 0  9992
2 40895   0.0254 315.9637 0000741 149.6568 144.5308  1.00271829 24038
BEIDOU 20               
1 40938U 15053A   22098.97984509 -.00000098  00000+0  00000+0 0  9996
2 40938  51.6094 276.6661 0044815 192.3294 175.9639  1.00262467 24001
SKY MUSTER 1 (NBN1A)    
1 40940U 15054A   22098.72341061 -.00000279  00000+0  00000+0 0  9994
2 40940   0.0126 249.1270 0001718 117.3003 231.2053  1.00272295 23903
ARSAT 2                 
1 40941U 15054B   22098.88504214 -.00000226  00000+0  00000+0 0  9995
2 40941   0.0277 280.6455 0001522  80.0499  74.0235  1.00271206 23977
MORELOS 3               
1 40946U 15056A   22099.12708434 -.00000046  00000+0  00000+0 0  9990
2 40946   3.8177 333.9378 0002192 356.7768 159.2535  1.00272273 23934
APSTAR 9                
1 40982U 15059A   22099.43181260 -.00000267  00000+0  00000+0 0  9994
2 40982   0.0154 176.7550 0000616 184.1205 134.2251  1.00271537 23818
TURKSAT 4B              
1 40984U 15060A   22099.12646194  .00000114  00000+0  00000+0 0  9996
2 40984   0.0224 107.2153 0002229 259.6077 286.0336  1.00272830 23753
CHINASAT 2C (ZX 2C)     
1 41021U 15063A   22098.84979963 -.00000325  00000+0  00000+0 0  9998
2 41021   0.0589  54.9819 0003249  13.5304 177.8892  1.00269490 23662
GSAT-15                 
1 41028U 15065A   22099.06368760 -.00000259  00000+0  00000+0 0  9995
2 41028   0.0236 125.7607 0002035 301.7024 246.2484  1.00271260 23513
BADR-7 (ARABSAT-6B)     
1 41029U 15065B   22099.12166493  .00000144  00000+0  00000+0 0  9994
2 41029   0.0282 228.0579 0002866  23.9906  15.0776  1.00273634 23562
LAOSAT 1                
1 41034U 15067A   22098.89631757 -.00000344  00000+0  00000+0 0  9998
2 41034   0.0407  22.6848 0002549 320.4371 305.1815  1.00274008 23498
TELSTAR 12V             
1 41036U 15068A   22098.32406142 -.00000120  00000+0  00000+0 0  9999
2 41036   0.0140 246.8407 0001976 126.9233 284.4585  1.00272217 23273
CHINASAT 1C (ZX 1C)     
1 41103U 15073A   22098.91740007 -.00000149  00000+0  00000+0 0  9997
2 41103   3.2169  85.9567 0000406 341.2197 181.6017  1.00271040 23317
ELEKTRO-L 2             
1 41105U 15074A   22099.18533416 -.00000115  00000+0  00000+0 0  9997
2 41105   2.8140  88.9062 0000694  30.8518 129.9640  1.00271719 23177
COSMOS 2513             
1 41121U 15075A   22098.58144463 -.00000139  00000+0  00000+0 0  9995
2 41121   0.0496 107.2938 0001826 296.4759  82.6124  1.00271446 23259
EXPRESS-AMU1            
1 41191U 15082A   22098.92653549  .00000154  00000+0  00000+0 0  9994
2 41191   0.0149 165.9630 0003167 197.0721 203.7473  1.00272619 22936
GAOFEN 4                
1 41194U 15083A   22099.23997678 -.00000336  00000+0  00000+0 0  9990
2 41194   0.0492  46.0856 0005397 135.4530 207.9890  1.00271146 23158
BELINTERSAT-1           
1 41238U 16001A   22099.12672359  .00000106  00000+0  00000+0 0  9998
2 41238   0.0457 254.2416 0001287 246.1555 154.0506  1.00272120 22893
IRNSS-1E                
1 41241U 16003A   22098.87618640 -.00000280  00000+0  00000+0 0  9992
2 41241  29.8316  85.6911 0018352 186.2768 352.2796  1.00278531 22858
EUTELSAT 9B             
1 41310U 16005A   22099.19004396  .00000060  00000+0  00000+0 0  9999
2 41310   0.0592  64.1136 0002901 267.8293 302.8772  1.00271003 22767
SES-9                   
1 41380U 16013A   22098.75813241 -.00000346  00000+0  00000+0 0  9991
2 41380   0.0226 274.0707 0001733 134.5310 169.6032  1.00271457 22408
EUTELSAT 65 WEST A      
1 41382U 16014A   22098.45763182 -.00000277  00000+0  00000+0 0  9992
2 41382   0.0521  22.6656 0001930 345.8224 287.7581  1.00271922 22192
IRNSS-1F                
1 41384U 16015A   22099.12288598  .00000159  00000+0  00000+0 0  9991
2 41384   2.0995 162.0176 0021591 185.1830 286.8800  1.00277043 22330
BEIDOU IGSO-6           
1 41434U 16021A   22096.71018900 -.00000129  00000+0  00000+0 0  9992
2 41434  57.9993  53.5742 0043065 219.8839 269.4073  1.00256663 22110
IRNSS-1G                
1 41469U 16027A   22098.95552601 -.00000335  00000+0  00000+0 0  9994
2 41469   2.0407 165.2108 0006280 273.8544 231.5600  1.00276631 21827
JCSAT-2B                
1 41471U 16028A   22098.79216115 -.00000167  00000+0  00000+0 0  9990
2 41471   0.0170 193.4609 0001956 175.2476 267.4874  1.00271315 21777
THAICOM 8               
1 41552U 16031A   22099.13195668 -.00000123  00000+0  00000+0 0  9994
2 41552   0.0973  77.7518 0004717 303.8634 301.7597  1.00272901 21433
INTELSAT 31 (IS-31)     
1 41581U 16035A   22099.12550017 -.00000152  00000+0  00000+0 0  9994
2 41581   0.0107 216.1501 0002492   2.0030 289.3144  1.00272720 21349
BEIDOU-2 G7             
1 41586U 16037A   22098.88547622 -.00000354  00000+0  00000+0 0  9995
2 41586   1.8232  68.7075 0009255 359.3693 198.2536  1.00266589 21446
ABS-2A (MONGOLSAT-1)    
1 41588U 16038A   22099.05965285 -.00000085  00000+0  00000+0 0  9998
2 41588   0.0149 207.1185 0002483  96.2359 350.1279  1.00270352 21344
EUTELSAT 117 WEST B     
1 41589U 16038B   22098.55199642 -.00000013  00000+0  00000+0 0  9990
2 41589   0.0107  73.7440 0000146  52.6217 152.1500  1.00270857 21328
BRISAT                  
1 41591U 16039A   22098.79216115 -.00000198  00000+0  00000+0 0  9999
2 41591   0.0178 228.0219 0002118 140.5772 264.0928  1.00272055 21275
ECHOSTAR 18             
1 41592U 16039B   22098.45832956 -.00000283  00000+0  00000+0 0  9995
2 41592   0.0173 210.9740 0001304 160.1172 289.2566  1.00272000 21264
MUOS-5                  
1 41622U 16041A   22099.02337010 -.00000155  00000+0  00000+0 0  9995
2 41622   5.7750 301.4565 0194293 233.6838 285.5050  1.00272190 21725
TIANTONG-1 1            
1 41725U 16048A   22098.41904669 -.00000319  00000+0  00000+0 0  9990
2 41725   2.3103 355.0430 0004370  34.5990  59.2514  1.00269171 20920
JCSAT-16                
1 41729U 16050A   22097.57410608 -.00000308  00000+0  00000+0 0  9996
2 41729   0.0170 177.7009 0002557 279.6826  81.0632  1.00270274 20716
USA 270                 
1 41744U 16052A   22088.57888399  .00000041  00000+0  00000+0 0  9994
2 41744   0.2512  98.4469 0010858 183.8654 171.1740  1.00275873  3297
USA 271                 
1 41745U 16052B   22094.25960826 -.00000357  00000+0  00000+0 0  9994
2 41745   0.2304  98.2006 0000036 202.8696  99.8856  1.00128860  3351
INTELSAT 36 (IS-36)     
1 41747U 16053A   22098.62123880 -.00000026  00000+0  00000+0 0  9996
2 41747   0.0068 244.8511 0001337  99.7911 144.3458  1.00271063 20601
INTELSAT 33E (IS-33E)   
1 41748U 16053B   22099.20016125  .00000048  00000+0  00000+0 0  9998
2 41748   0.0163 333.8369 0001745  31.7355 323.8948  1.00271313 20874
INSAT-3DR               
1 41752U 16054A   22099.05947840 -.00000078  00000+0  00000+0 0  9998
2 41752   0.1129  96.0398 0011419 185.5981  11.0285  1.00273038 20454
GSAT-18                 
1 41793U 16060A   22099.13125892 -.00000078  00000+0  00000+0 0  9994
2 41793   0.0857  98.2681 0001643 307.9721 272.3609  1.00272735 20180
SKY MUSTER 2 (NBN1B)    
1 41794U 16060B   22098.93004670 -.00000245  00000+0  00000+0 0  9998
2 41794   0.0114 246.9029 0001446 120.7751 309.0902  1.00272285 20229
HIMAWARI-9              
1 41836U 16064A   22098.72341061 -.00000276  00000+0  00000+0 0  9998
2 41836   0.0191 138.6589 0000976 242.6426 216.8301  1.00271409 19840
SHIJIAN-17 (SJ-17)      
1 41838U 16065A   22098.93930433 -.00000363  00000+0  00000+0 0  9998
2 41838   1.8530  90.2200 0000838  13.2640 189.3620  1.00274374 19862
GOES 16                 
1 41866U 16071A   22098.45562580 -.00000250  00000+0  00000+0 0  9992
2 41866   0.0610 287.0043 0000726 109.0680 249.4272  1.00271958 19763
TIANLIAN 1-04           
1 41869U 16072A   22098.84285416  .00000030  00000+0  00000+0 0  9994
2 41869   0.1079 275.2491 0023041 195.8609 206.1800  1.00273698 19985
WGS F8 (USA 272)        
1 41879U 16075A   22098.79216115 -.00000204  00000+0  00000+0 0  9996
2 41879   0.0140 145.1992 0000143 210.3461 276.4128  1.00271479 19485
FENGYUN 4A              
1 41882U 16077A   22098.84424510 -.00000331  00000+0  00000+0 0  9999
2 41882   0.2042 284.9189 0005081 200.2433 120.4516  1.00271320 19636
ECHOSTAR 19             
1 41893U 16079A   22099.09715663 -.00000139  00000+0  00000+0 0  9999
2 41893   0.0183 124.8066 0002027 247.1952 123.1780  1.00270807 19396
JCSAT-110A (JCSAT-15)   
1 41903U 16082A   22098.63229986 -.00000352  00000+0  00000+0 0  9999
2 41903   0.0171 200.5838 0001000 163.6291 170.3256  1.00270923 19416
STAR ONE D1             
1 41904U 16082B   22098.45388144 -.00000212  00000+0  00000+0 0  9997
2 41904   0.0135 143.7089 0001597 217.6657 274.6948  1.00273309 19439
TJS-2                   
1 41911U 17001A   22099.12977622 -.00000008  00000+0  00000+0 0  9990
2 41911   0.1934  85.7372 0003782  83.3930 141.4396  1.00274665 19372
SBIRS GEO-4 (USA 273)   
1 41937U 17004A   22099.19339508  .00000127  00000+0  00000+0 0  9994
2 41937   2.4758 317.7256 0001850  55.7529  94.1527  1.00273261 19257
HISPASAT 36W-1          
1 41942U 17006A   22098.31987494 -.00000245  00000+0  00000+0 0  9990
2 41942   0.0043  96.9114 0000984 285.0275 253.7682  1.00271410 18872
TELKOM 3S               
1 41944U 17007A   22098.84690566 -.00000364  00000+0  00000+0 0  9994
2 41944   0.0167 187.3090 0002291 185.0955 247.5586  1.00270407 18796
INTELSAT 32E (IS-32E)   
1 41945U 17007B   22098.89254289 -.00000270  00000+0  00000+0 0  9994
2 41945   0.0153 164.1912 0000418 175.6268 135.4313  1.00273004 18901
ECHOSTAR 23             
1 42070U 17014A   22098.59840993 -.00000142  00000+0  00000+0 0  9990
2 42070   0.0006 312.5491 0001920  57.2309 309.0463  1.00132163 18599
WGS F9 (USA 275)        
1 42075U 17016A   22098.39645719 -.00000097  00000+0  00000+0 0  9993
2 42075   0.0170 231.3587 0000221  71.9309  24.0851  1.00270033 18556
SES-10                  
1 42432U 17017A   22098.95961365 -.00000274  00000+0  00000+0 0  9998
2 42432   0.0102 178.0835 0002682 193.8552 103.8023  1.00273272 18384
CHINASAT 16 (SJ-13)     
1 42662U 17018A   22098.89591878 -.00000354  00000+0  00000+0 0  9994
2 42662   0.0857  85.6017 0004860 172.3738  12.2071  1.00270180 18391
KOREASAT 7              
1 42691U 17023A   22098.78411959 -.00000363  00000+0  00000+0 0  9991
2 42691   0.0162  97.5478 0001576 283.2107 214.4250  1.00272656 18045
SGDC                    
1 42692U 17023B   22098.66102418 -.00000251  00000+0  00000+0 0  9992
2 42692   0.0405  67.7987 0002230 311.8223 340.3835  1.00271815 18106
GSAT-9                  
1 42695U 17024A   22099.06410097 -.00000287  00000+0  00000+0 0  9995
2 42695   0.0524 111.2062 0002464 269.4979 297.0118  1.00270083 18080
INMARSAT 5-F4           
1 42698U 17025A   22098.48187846  .00000074  00000+0  00000+0 0  9990
2 42698   0.0164 193.9694 0000166 138.8360  93.8809  1.00272188 17919
SES-15                  
1 42709U 17026A   22098.50853950  .00000059  00000+0  00000+0 0  9996
2 42709   0.0315   5.5265 0000422 330.2317 274.8975  1.00270929 18790
QZS-2 (MICHIBIKI-2)     
1 42738U 17028A   22097.78239976 -.00000182  00000+0  00000+0 0  9993
2 42738  41.8915 265.1605 0743529 270.5037  81.3247  1.00257489 17798
VIASAT-2                
1 42740U 17029A   22099.13720679 -.00000266  00000+0  00000+0 0  9996
2 42740   0.0187 257.1318 0000307  14.7072 265.0110  1.00272455 17833
EUTELSAT 172B           
1 42741U 17029B   22098.84840872 -.00000007  00000+0  00000+0 0  9995
2 42741   0.0323 156.9882 0000316  97.7882  59.7137  1.00272803 18372
GSAT-19                 
1 42747U 17031A   22098.59259090  .00000124  00000+0  00000+0 0  9991
2 42747   0.0468 104.3189 0005481 326.5311  27.1551  1.00272013 17789
ECHOSTAR 21             
1 42749U 17032A   22099.01774457  .00000061  00000+0  00000+0 0  9991
2 42749   4.1313 311.2079 0002405  47.9053 214.7715  1.00273359 17771
BULGARIASAT-1           
1 42801U 17038A   22098.32746293  .00000010  00000+0  00000+0 0  9990
2 42801   0.0540  97.8211 0002669 283.3978 295.1380  1.00270247 17477
HELLAS-SAT 3            
1 42814U 17040A   22099.19597479  .00000151  00000+0  00000+0 0  9999
2 42814   0.0602  14.4070 0005490 356.5039 296.0544  1.00270196 17514
GSAT-17                 
1 42815U 17040B   22099.06368760 -.00000259  00000+0  00000+0 0  9995
2 42815   0.0546  93.9748 0004213 203.4563  16.2806  1.00272831 17522
INTELSAT 35E (IS-35E)   
1 42818U 17041A   22099.10962882 -.00000239  00000+0  00000+0 0  9997
2 42818   0.0122 190.4961 0001188 174.8009 197.0067  1.00273510 17464
COSMOS 2520             
1 42907U 17046A   22098.91016096  .00000136  00000+0  00000+0 0  9991
2 42907   0.0265 129.9054 0000363 140.2833 299.6021  1.00272361 17043
TDRS 13                 
1 42915U 17047A   22098.97069034 -.00000103  00000+0  00000+0 0  9992
2 42915   4.5767 332.8795 0017642 102.6095  99.5505  1.00272810 17037
QZS-3 (MICHIBIKI-3)     
1 42917U 17048A   22098.99798963 -.00000349  00000+0  00000+0 0  9999
2 42917   0.0515 205.9940 0001400 156.2775 321.2501  1.00275046 17022
AMAZONAS 5              
1 42934U 17053A   22098.96074748 -.00000284  00000+0  00000+0 0  9997
2 42934   0.0386 317.5572 0004535  46.0736 118.4085  1.00272232 16782
ASIASAT 9               
1 42942U 17057A   22098.27966738 -.00000361  00000+0  00000+0 0  9999
2 42942   0.0333 215.5265 0002195 147.5382  56.2123  1.00270849 16596
INTELSAT 37E (IS-37E)   
1 42950U 17059A   22099.11285590 -.00000142  00000+0  00000+0 0  9991
2 42950   0.0114 225.6860 0002181 165.2049 189.0658  1.00271994 16700
BSAT-4A                 
1 42951U 17059B   22098.89591911 -.00000352  00000+0  00000+0 0  9996
2 42951   0.1024  53.7286 0004562 347.7422 228.0147  1.00270760 16450
QZS-4 (MICHIBIKI-4)     
1 42965U 17062A   22096.52250853 -.00000338  00000+0  00000+0 0  9994
2 42965  40.7833   3.0354 0748476 270.2428 248.7643  1.00273229 16444
SES-11 (ECHOSTAR 105)   
1 42967U 17063A   22099.09558670 -.00000090  00000+0  00000+0 0  9995
2 42967   0.0408  88.0520 0002326 280.7114 118.0226  1.00271770 16463
KOREASAT 5A             
1 42984U 17067A   22098.80188091 -.00000360  00000+0  00000+0 0  9992
2 42984   0.0199 119.3214 0001691 245.2149 234.3270  1.00272989 16188
ALCOMSAT 1              
1 43039U 17078A   22098.39392786 -.00000187  00000+0  00000+0 0  9995
2 43039   0.0228 141.9892 0001908 240.6529 291.0033  1.00271848 15930
SBIRS GEO-3 (USA 282)   
1 43162U 18009A   22097.99598153 -.00000295  00000+0  00000+0 0  9998
2 43162   3.6792 318.7131 0001799  51.8981 323.1623  1.00271880 15493
AL YAH 3                
1 43174U 18012A   22098.39480005 -.00000156  00000+0  00000+0 0  9992
2 43174   0.0149 158.0667 0001996 215.7024 304.8607  1.00272981 15491
SES-14                  
1 43175U 18012B   22098.46112056 -.00000279  00000+0  00000+0 0  9995
2 43175   0.0154 278.2524 0000887  79.6529 317.2853  1.00272434 15708
GOES 17                 
1 43226U 18022A   22098.49835137  .00000096  00000+0  00000+0 0  9994
2 43226   0.0497 293.7447 0000400  37.0016 268.1783  1.00272360 15075
HISPASAT 30W-6          
1 43228U 18023A   22098.89524666 -.00000217  00000+0  00000+0 0  9999
2 43228   0.0539  32.0166 0005771   1.3595  96.0187  1.00272555 15159
SUPERBIRD-B3            
1 43271U 18033A   22098.84840872 -.00000093  00000+0  00000+0 0  9995
2 43271   0.0159 147.9627 0001281 210.8328 305.6969  1.00272658 14707
HYLAS 4                 
1 43272U 18033B   22098.46391153 -.00000234  00000+0  00000+0 0  9994
2 43272   0.0731 266.7772 0001618 110.2601 313.1577  1.00272752 14722
IRNSS-1I                
1 43286U 18035A   22098.06609376  .00000107  00000+0  00000+0 0  9994
2 43286  28.9205  98.4870 0020128 190.0566 346.6389  1.00275073 14725
USA 283                 
1 43339U 18036A   22098.57934569 -.00000318  00000+0  00000+0 0  9990
2 43339   0.0029 150.7611 0000479 229.9564 158.7512  1.00272973  3398
COSMOS 2526             
1 43432U 18037A   22098.57410458 -.00000346  00000+0  00000+0 0  9992
2 43432   0.0202 137.0761 0000299 174.3847 220.0846  1.00273437 14623
APSTAR 6C               
1 43450U 18041A   22098.95049503 -.00000319  00000+0  00000+0 0  9998
2 43450   0.0277 266.8825 0000698  49.4784 357.0018  1.00271475 14499
BANGABANDHUSAT-1        
1 43463U 18044A   22098.80882833 -.00000364  00000+0  00000+0 0  9990
2 43463   0.0159 224.0522 0002251 158.4239 224.8383  1.00271907 14367
SES-12                  
1 43488U 18049A   22099.06366487 -.00000271  00000+0  00000+0 0  9990
2 43488   0.0413  45.8994 0001903 259.9734   9.3312  1.00272468 14067
FENGYUN 2H              
1 43491U 18050A   22098.90118647 -.00000129  00000+0  00000+0 0  9993
2 43491   0.9717  98.5427 0003292  19.0218 123.2032  1.00270324 14095
BEIDOU IGSO-7           
1 43539U 18057A   22098.80444529 -.00000136  00000+0  00000+0 0  9991
2 43539  55.0728 176.3225 0047139 225.1952 196.5967  1.00279288 13812
TELSTAR 19V             
1 43562U 18059A   22098.45806791 -.00000281  00000+0  00000+0 0  9994
2 43562   0.0096 204.1474 0001157 255.7370 198.7116  1.00273001 13799
TELKOM 4 (MERAH PUTIH)  
1 43587U 18064A   22099.06628142 -.00000345  00000+0  00000+0 0  9998
2 43587   0.0170 167.2752 0001451 225.7693 296.1145  1.00272919 13511
TELSTAR 18V (APSTAR 5C) 
1 43611U 18069A   22098.99999566 -.00000295  00000+0  00000+0 0  9997
2 43611   0.0170 167.6865 0001985 210.6988 316.8448  1.00270765 13265
AZERSPACE 2 (IS-38)     
1 43632U 18074A   22099.12550252  .00000135  00000+0  00000+0 0  9999
2 43632   0.0178 200.4871 0001391 170.3795 276.7694  1.00271551 13113
HORIZONS-3E             
1 43633U 18074B   22098.84840872 -.00000032  00000+0  00000+0 0  9995
2 43633   0.0058 301.0746 0000706  50.9731 319.4413  1.00272115 12998
AEHF-4 (USA 288)        
1 43651U 18079A   22099.10300024 -.00000278  00000+0  00000+0 0  9992
2 43651   2.5562 315.8690 0004139  61.4212 149.5871  1.00270289 12946
BEIDOU-3 G1             
1 43683U 18085A   22098.85730677 -.00000281  00000+0  00000+0 0  9990
2 43683   0.8440 178.4129 0002648 322.2720 144.9573  1.00266910 12700
GSAT-29                 
1 43698U 18089A   22098.61559483  .00000084  00000+0  00000+0 0  9998
2 43698   0.0644  99.8889 0001848 261.2701 112.3514  1.00271736 12442
ES'HAIL 2               
1 43700U 18090A   22098.64470613  .00000143  00000+0  00000+0 0  9990
2 43700   0.0172 228.2589 0002044 170.7027  55.8150  1.00269799 12321
GEO-KOMPSAT-2A          
1 43823U 18100A   22098.89631671 -.00000345  00000+0  00000+0 0  9993
2 43823   0.0446  44.0869 0001681   8.3670 235.6027  1.00271732 12277
GSAT-11                 
1 43824U 18100B   22099.13117171 -.00000078  00000+0  00000+0 0  9999
2 43824   0.0146 207.0384 0006347 212.0764 259.4359  1.00272237 12284
GSAT-7A                 
1 43864U 18105A   22099.12899125  .00000025  00000+0  00000+0 0  9994
2 43864   0.0443  97.7593 0001584 269.7824 298.9858  1.00272762 12115
COSMOS 2533             
1 43867U 18107A   22098.62275978 -.00000039  00000+0  00000+0 0  9993
2 43867   0.0228 119.4550 0000469  95.1284 276.4479  1.00268742 12074
TJS-3                   
1 43874U 18110A   22098.95281890  .00000056  00000+0  00000+0 0  9999
2 43874   0.0636 103.3438 0003465 262.9948 232.8297  1.00270366 12071
CHINASAT 2D (ZX 2D)     
1 43920U 19001A   22098.57879247 -.00000338  00000+0  00000+0 0  9992
2 43920   0.0427 282.0341 0001359 139.5500 113.6135  1.00272456 38721
HELLAS-SAT 4 & SGS-1    
1 44034U 19007A   22098.47838973  .00000151  00000+0  00000+0 0  9997
2 44034   0.0663 125.3984 0003440  17.9509 264.5658  1.00273950 12002
GSAT-31                 
1 44035U 19007B   22099.12602583  .00000124  00000+0  00000+0 0  9997
2 44035   0.0739  96.4766 0003448 234.1277 319.9807  1.00272022 11623
NUSANTARA SATU          
1 44048U 19009A   22098.93030837 -.00000236  00000+0  00000+0 0  9993
2 44048   0.0158 167.9722 0002018 209.5118 300.5826  1.00271288 11428
CHINASAT 6C (ZX 6C)     
1 44067U 19012A   22098.90111963 -.00000355  00000+0  00000+0 0  9997
2 44067   0.0550 105.5141 0004746 177.7160   3.3484  1.00271843 11381
WGS 10 (USA 291)        
1 44071U 19014A   22098.65260594  .00000046  00000+0  00000+0 0  9997
2 44071   0.0131 191.4918 0000136 120.3365 180.2671  1.00270990 11281
TIANLIAN 2-01           
1 44076U 19017A   22098.90118647 -.00000136  00000+0  00000+0 0  9995
2 44076   0.3976 283.0497 0030020 224.2993  94.0856  1.00269187 11263
ARABSAT-6A              
1 44186U 19021A   22098.65001293  .00000152  00000+0  00000+0 0  9999
2 44186   0.0534 353.9575 0002586 338.0961 129.2854  1.00269402 10810
BEIDOU-3 IGSO-1         
1 44204U 19023A   22098.75406184 -.00000198  00000+0  00000+0 0  9992
2 44204  56.4601  53.7185 0019955 205.3347 328.6831  1.00278894 11013
BEIDOU-2 G8             
1 44231U 19027A   22099.24177520 -.00000247  00000+0  00000+0 0  9995
2 44231   0.6989  72.6623 0004243 140.6218 215.7417  1.00275065 10733
YAMAL 601               
1 44307U 19031A   22097.32065453  .00000118  00000+0  00000+0 0  9998
2 44307   0.0045 193.5061 0002331 170.6603 355.8368  1.00273770 10574
AT&T T-16               
1 44333U 19034A   22098.95281064 -.00000117  00000+0  00000+0 0  9998
2 44333   0.0208 264.9167 0000772 330.3040 204.1123  1.00274041 10286
EUTELSAT 7C             
1 44334U 19034B   22098.32850954  .00000047  00000+0  00000+0 0  9991
2 44334   0.0433 246.9668 0003251 111.9791 322.8811  1.00271966 10751
BEIDOU-3 IGSO-2         
1 44337U 19035A   22098.96345737 -.00000139  00000+0  00000+0 0  9996
2 44337  55.1121 172.3448 0022995 194.0145 296.8798  1.00274215 10358
COSMOS 2539             
1 44457U 19048A   22099.19065447  .00000080  00000+0  00000+0 0  9990
2 44457   0.0287 107.9261 0000591 124.2980  45.8104  1.00271911  9889
EDRS-C                  
1 44475U 19049A   22098.36726616  .00000153  00000+0  00000+0 0  9992
2 44475   0.0864 267.3394 0000822 101.3650 351.2928  1.00269426  9847
INTELSAT 39 (IS-39)     
1 44476U 19049B   22099.12881682  .00000032  00000+0  00000+0 0  9999
2 44476   0.0181 227.6047 0000819 336.7489 101.3093  1.00271794  9796
AMOS-17                 
1 44479U 19050A   22099.19161387  .00000108  00000+0  00000+0 0  9998
2 44479   0.0356  86.0528 0001879 294.6958 262.6493  1.00274776  9837
AEHF-5 (USA 292)        
1 44481U 19051A   22099.12733411  .00000080  00000+0  00000+0 0  9997
2 44481   4.5378 304.7441 0003094  88.7536 264.1759  1.00272042  9928
EUTELSAT 5 WEST B       
1 44624U 19067A   22099.18725296 -.00000043  00000+0  00000+0 0  9991
2 44624   0.0689  25.1793 0005137  58.4695 176.1583  1.00272681  9091
MEV-1                   
1 44625U 19067B   22097.81921896 -.00000203  00000+0  00000+0 0  9992
2 44625   0.0290  98.4290 0000874 267.8625  97.1947  1.00271464  7628
TJS-4                   
1 44637U 19070A   22098.90118647 -.00000170  00000+0  00000+0 0  9995
2 44637   0.0135  14.2181 0005180  30.9958 199.8134  1.00267689  9216
BEIDOU-3 IGSO-3         
1 44709U 19073A   22098.89658475 -.00000145  00000+0  00000+0 0  9996
2 44709  57.3782 297.0964 0021175 172.0661 170.2828  1.00277304  9106
TIBA-1                  
1 44800U 19080A   22099.19527705  .00000155  00000+0  00000+0 0  9991
2 44800   0.0563   6.6817 0002038 359.8528 296.6810  1.00270341  8731
INMARSAT GX5            
1 44801U 19080B   22099.11861229  .00000074  00000+0  00000+0 0  9996
2 44801   0.0441  15.5303 0001992   1.7063 233.7869  1.00272798  8746
JCSAT-18 (KACIFIC 1)    
1 44868U 19091A   22098.93109333 -.00000202  00000+0  00000+0 0  9995
2 44868   0.0399  38.8815 0000264 282.6813   0.7651  1.00271357  8742
ELEKTRO-L 3             
1 44903U 19095A   22099.13160780 -.00000098  00000+0  00000+0 0  9998
2 44903   0.0629  83.1553 0001043 295.7674 301.8308  1.00272499  8366
SHIJIAN-20 (SJ-20)      
1 44910U 19097A   22098.90118647 -.00000206  00000+0  00000+0 0  9998
2 44910   0.9934  92.4615 0009453 322.0942 194.4240  1.00268488  8352
TJS-5                   
1 44978U 20002A   22099.06619420 -.00000343  00000+0  00000+0 0  9995
2 44978   0.1959  87.1134 0001757 131.3591 110.1526  1.00271315  8357
GSAT-30                 
1 45026U 20005A   22099.13300329 -.00000166  00000+0  00000+0 0  9999
2 45026   0.0365 116.7967 0003451 322.9545 248.4909  1.00272166  8181
EUTELSAT KONNECT        
1 45027U 20005B   22098.32850954  .00000048  00000+0  00000+0 0  9992
2 45027   0.0537  90.3671 0000268 207.8479  23.8227  1.00271612  8972
JCSAT-17                
1 45245U 20013A   22098.03518396 -.00000318  00000+0  00000+0 0  9993
2 45245   6.2232 345.0450 0003537  22.2710 337.6313  1.00271843  7885
GEO-KOMPSAT-2B          
1 45246U 20013B   22098.89631715 -.00000345  00000+0  00000+0 0  9999
2 45246   0.0385   8.9720 0001560 303.7037 335.3856  1.00271587  7933
BEIDOU-3 G2             
1 45344U 20017A   22098.75327194 -.00000143  00000+0  00000+0 0  9996
2 45344   2.1179 348.6368 0003156  79.7998 119.7545  1.00272330  7911
AEHF-6 (USA 298)        
1 45465U 20022B   22098.99999566 -.00000305  00000+0  00000+0 0  9990
2 45465   6.1104 303.4284 0049650   2.4574  29.0269  1.00268822  7642
BEIDOU-3 G3             
1 45807U 20040A   22098.92724554 -.00000356  00000+0  00000+0 0  9992
2 45807   1.6018 301.6514 0007334 345.9954 353.7785  1.00266853  6722
APSTAR 6D               
1 45863U 20045A   22098.99964677 -.00000319  00000+0  00000+0 0  9997
2 45863   0.0549  92.6450 0003177 309.8639 288.5894  1.00269771  6517
KOREASAT 116            
1 45920U 20048A   22098.78412038 -.00000363  00000+0  00000+0 0  9999
2 45920   0.0195 269.4004 0000651 111.7168 214.3385  1.00268441  6298
EXPRESS 103             
1 45985U 20053A   22098.18635983 -.00000282  00000+0  00000+0 0  9996
2 45985   0.0274 301.3920 0000323 158.6629 259.9443  1.00272369  6304
EXPRESS 80              
1 45986U 20053B   22090.95145265 -.00000151  00000+0  00000+0 0  9998
2 45986   0.0197 297.0906 0000721 301.8560  12.8365  1.00270699  6215
BSAT-4B                 
1 46112U 20056A   22098.84341058 -.00000352  00000+0  00000+0 0  9990
2 46112   0.0910 107.2921 0002174 338.0775 165.1645  1.00271662  6048
MEV-2                   
1 46113U 20056B   22097.82453926 -.00000012  00000+0  00000+0 0  9999
2 46113   0.0151 235.5365 0000935 129.9972 126.3817  1.00271453 65191
GALAXY 30 (G-30)        
1 46114U 20056C   22099.17757477  .00000036  00000+0  00000+0 0  9993
2 46114   0.0024 157.9919 0001920 230.5608 107.7635  1.00272287  6061
GAOFEN 13               
1 46610U 20071A   22098.84690603 -.00000364  00000+0  00000+0 0  9996
2 46610   0.6688 271.3829 0004339 246.8263 101.5013  1.00267258  5567
TIANTONG-1 2            
1 46916U 20082A   22098.99781519 -.00000360  00000+0  00000+0 0  9996
2 46916   4.2965 295.9802 0003487 116.7545 268.6706  1.00273126  5305
LUCAS (JDRS-1)          
1 47202U 20089A   22099.06279270 -.00000237  00000+0  00000+0 0  9990
2 47202   0.0114 185.0094 0002728 188.4545 297.2074  1.00273075  5050
SXM-7                   
1 47240U 20096A   22099.09349347 -.00000024  00000+0  00000+0 0  9990
2 47240   0.0148 159.6915 0002025  36.3529 279.6242  1.00272641  4992
CMS-01                  
1 47256U 20099A   22098.90118647 -.00000166  00000+0  00000+0 0  9993
2 47256   0.0659  98.9574 0005891 190.5539 315.0196  1.00273445  4851
TURKSAT 5A              
1 47306U 21001A   22098.65134612  .00000153  00000+0  00000+0 0  9990
2 47306   0.0228 118.6803 0000234 142.5918 201.0120  1.00272985  4633
TIANTONG-1 3            
1 47321U 21003A   22098.48684990 -.00000158  00000+0  00000+0 0  9995
2 47321   4.5830 308.3406 0003933  57.4198  87.6762  1.00269885  4622
TJS-6                   
1 47613U 21010A   22099.22034319  .00000042  00000+0  00000+0 0  9995
2 47613   0.0199  83.8895 0001520 313.6730  57.6609  1.00272766  4484
SBIRS GEO-5 (USA 315)   
1 48618U 21042A   22098.32877119  .00000044  00000+0  00000+0 0  9991
2 48618   7.4662 326.5004 0005032 213.7979 143.1050  1.00273379  3405
FENGYUN 4B              
1 48808U 21047A   22098.85564963 -.00000313  00000+0  00000+0 0  9995
2 48808   0.2080 284.3367 0000699 288.5217  63.9029  1.00424605  3228
SXM-8                   
1 48838U 21049A   22098.45361979 -.00000206  00000+0  00000+0 0  9999
2 48838   0.0220 297.1088 0000685  31.3823 306.2839  1.00269815  3265
TIANLIAN 1-05           
1 49011U 21063A   22099.04683177  .00000069  00000+0  00000+0 0  9998
2 49011   2.3426 283.9543 0003155  87.7257 213.0708  1.00273835  2730
STAR ONE D2             
1 49055U 21069A   22098.64780534 -.00000266  00000+0  00000+0 0  9992
2 49055   0.0284 180.9950 0000892 217.4139 321.5975  1.00269212  2565
EUTELSAT QUANTUM        
1 49056U 21069B   22098.59259097  .00000124  00000+0  00000+0 0  9994
2 49056   0.0290  83.6897 0001609 303.1938  70.9544  1.00273767  2588
CHINASAT 2E (ZX 2E)     
1 49062U 21071A   22099.06427541 -.00000292  00000+0  00000+0 0  9995
2 49062   0.0284 317.9967 0001568  95.2677 265.1847  1.00268916  2700
TJS-7                   
1 49115U 21077A   22098.85861505 -.00000232  00000+0  00000+0 0  9992
2 49115   0.4810 271.6079 0002826  40.6094 340.4134  1.00276371  2466
CHINASAT 9B             
1 49125U 21080A   22098.66883186 -.00000314  00000+0  00000+0 0  9996
2 49125   0.0069 186.9498 0001858 194.5684 157.5662  1.00272039  2280
SHIJIAN-21 (SJ-21)      
1 49330U 21094A   22098.71501736  .00000026  00000+0  00000+0 0  9992
2 49330   8.3282  50.4195 0110383  12.0995  83.5154  1.00437445  1915
QZS-1R                  
1 49336U 21096A   22098.82618972 -.00000222  00000+0  00000+0 0  9992
2 49336  34.3290 102.9150 0750400 269.8080 256.6202  1.00284258  1672
CHINASAT 1D (ZX 1D)     
1 49505U 21114A   22099.28598389 -.00000339  00000+0  00000+0 0  9990
2 49505   1.6502 280.3174 0002657 169.3689 340.9114  1.00269842  1483
STPSAT-6                
1 49817U 21118A   22099.24726978 -.00000047  00000+0  00000+0 0  9999
2 49817   0.0423  38.2887 0000530 309.0498 187.5039  1.00271771  1232
LDPE-1                  
1 49818U 21118B   22099.06113556 -.00000293  00000+0  00000+0 0  9995
2 49818   0.2694 102.9919 0001575 347.0273 211.4232  1.01247595  1222
2021-123A               
1 50001U 21123A   22095.84426932 -.00000245  00000+0  00000+0 0  9991
2 50001   0.0486 352.5941 0000744 254.4905  35.9541  1.00271335  1177
2021-123B               
1 50002U 21123B   22098.16870362 -.00000322  00000+0  00000+0 0  9996
2 50002   0.0058 285.3125 0001324 177.3361 257.3662  1.00269968  1166
TIANLIAN 2-02           
1 50005U 21124A   22098.86349926 -.00000018  00000+0  00000+0 0  9996
2 50005   2.7187 283.5051 0002534  85.7349 309.6749  1.00272783  1279
SHIYAN 12 01 (SY-12 01) 
1 50321U 21129A   22099.16854831  .00000077  00000+0  00000+0 0  9996
2 50321   0.2956 256.5672 0001674 295.4961 123.8414  1.00188103  1165
SHIYAN 12 02 (SY-12 02) 
1 50322U 21129B   22099.06122278 -.00000188  00000+0  00000+0 0  9993
2 50322   0.2964 256.6121 0000541 225.8062 179.7609  1.00379695  1160
TJS-9                   
1 50574U 21135A   22098.86265178 -.00000300  00000+0  00000+0 0  9999
2 50574   0.0635 299.9604 0004718  87.5699 257.3273  1.00271169  1108
GOES 18                 
1 51850U 22021A   22099.27176366 -.00000185  00000+0  00000+0 0  9999
2 51850   0.0174 304.8249 0000279 198.4855  62.6658  1.00272149   460
