TDRS 3                  
1 19548U 88091B   20226.92531524 -.00000295  00000-0  00000+0 0  9992
2 19548  14.1457 356.9043 0032759 321.9131 288.2105  1.00276301103973
FLTSATCOM 8 (USA 46)    
1 20253U 89077A   20226.59332847 -.00000076  00000-0  00000+0 0  9999
2 20253  13.0194   5.0628 0003999 108.3866 134.5504  1.00271985239217
SKYNET 4C               
1 20776U 90079A   20226.55745069  .00000128  00000-0  00000+0 0  9990
2 20776  13.9570   5.4167 0002614 162.4555  28.6110  1.00272429109547
TDRS 5                  
1 21639U 91054B   20227.09166625  .00000086  00000-0  00000+0 0  9991
2 21639  14.3120  10.1966 0025587  15.8894 162.0133  1.00273708106325
TDRS 6                  
1 22314U 93003B   20226.92441250 -.00000292  00000-0  00000+0 0  9999
2 22314  14.0482  13.3474 0007770  83.7393 152.7042  1.00275662100987
UFO 2 (USA 95)          
1 22787U 93056A   20227.16197071  .00000128  00000-0  00000+0 0  9994
2 22787  11.2985  14.9768 0004403 144.2171 250.8371  1.00271587 97272
USA 99 (MILSTAR-1 1)    
1 22988U 94009A   20226.55425272 -.00000185  00000-0  00000+0 0  9999
2 22988  14.2400  50.4155 0002087 126.6551 256.4382  1.00117715 10256
ASTRA 1D                
1 23331U 94070A   20226.96691889 -.00000268  00000-0  00000+0 0  9996
2 23331   9.1827  41.8508 0003436  97.8545  98.2503  1.00272975 94778
USA 107 (DSP 17)        
1 23435U 94084A   20226.43960789 -.00000162  00000-0  00000+0 0  9999
2 23435  14.5607  11.4085 0002521  99.8054 272.6820  1.00269025 10302
UFO 4 (USA 108)         
1 23467U 95003A   20226.68881046 -.00000020  00000-0  00000-0 0  9995
2 23467   9.8420  20.6434 0005827  94.8778 267.3362  1.00276017 93589
AMSC 1                  
1 23553U 95019A   20227.03199689 -.00000097  00000-0  00000+0 0  9996
2 23553  11.3168  30.7809 0005857  51.9094 145.2403  1.00272470 92777
TDRS 7                  
1 23613U 95035B   20226.85490796 -.00000199  00000-0  00000-0 0  9997
2 23613  14.1841   4.0355 0028298  38.7531 312.4469  1.00276689 91850
USA 113                 
1 23628U 95038A   20226.83070865 -.00000337  00000-0  00000-0 0  9999
2 23628  11.4866  29.6347 0000936 118.7178 216.9532  1.00270892 11572
USA 115 (MILSTAR-1 2)   
1 23712U 95060A   20226.95767189 -.00000016  00000-0  00000+0 0  9996
2 23712  13.2361  19.4635 0001863 139.0066  29.0705  1.00270831 10257
INMARSAT 3-F1           
1 23839U 96020A   20226.53232674 -.00000131  00000-0  00000+0 0  9991
2 23839   6.1825  62.0111 0006811  71.7161 287.7290  0.99980432 89229
ASTRA 1F                
1 23842U 96021A   20226.84679503  .00000141  00000-0  00000-0 0  9997
2 23842   0.0440 324.3047 0002516 184.4915 163.0551  1.00273965 30948
MSAT M1                 
1 23846U 96022A   20226.60731814 -.00000087  00000-0  00000+0 0  9999
2 23846   9.3582  41.1974 0005036  71.7319 320.6973  1.00272540 89042
INMARSAT 3-F2           
1 24307U 96053A   20226.86720824 -.00000278  00000-0  00000-0 0  9996
2 24307   5.0264  71.5611 0007325  41.4674 308.5028  1.00004889 87583
AMC-1 (GE-1)            
1 24315U 96054A   20227.20396638  .00000065  00000-0  00000+0 0  9999
2 24315   4.0609  78.3423 0002958  66.9307 120.3262  1.00271974 87639
INMARSAT 3-F3           
1 24674U 96070A   20226.80169407  .00000033  00000-0  00000+0 0  9997
2 24674   5.7189  65.9091 0005281  74.2890 289.1784  1.00273218 86570
AMC-2 (GE-2)            
1 24713U 97002A   20226.53389699 -.00000214  00000-0  00000+0 0  9996
2 24713   6.4773  60.0659 0005524  81.3607 288.3597  1.00273314 36937
INTELSAT 26 (IS-26)     
1 24732U 97007A   20226.56355720  .00000005  00000-0  00000+0 0  9990
2 24732   9.1171  42.6405 0002951  64.1962 122.1333  1.00273566 85889
USA 130 (DSP 18)        
1 24737U 97008A   20226.72475597  .00000028  00000-0  00000-0 0  9995
2 24737  13.5960  19.2844 0001030 291.0349 280.9210  1.00270028 11531
GALAXY 25 (G-25)        
1 24812U 97026A   20226.84452689  .00000155  00000-0  00000-0 0  9990
2 24812   2.0553  89.9922 0002472  61.6440 147.9657  1.00272406 84989
INTELSAT 5 (IS-5)       
1 24916U 97046A   20227.20952344  .00000089  00000-0  00000+0 0  9996
2 24916   5.8238  65.2450 0003414  67.7816 128.4774  1.00272776 84220
AMC-3 (GE-3)            
1 24936U 97050A   20227.11072640 -.00000261  00000-0  00000+0 0  9998
2 24936   2.9328  85.3060 0002845  76.8365 128.7136  1.00272165 84055
NSS-5                   
1 24957U 97053A   20227.15544299  .00000104  00000-0  00000+0 0  9997
2 24957   6.0782  63.4568 0002975  71.7643 294.2665  1.00270948 83854
USA 134                 
1 25019U 97065A   20226.60435459 -.00000059  00000-0  00000-0 0  9997
2 25019  10.2819  35.7029 0002542 330.6811  61.4154  1.00273174 11560
ASTRA 1G                
1 25071U 97076A   20226.71368859  .00000018  00000-0  00000+0 0  9991
2 25071   4.7379  72.8825 0003485  67.4432 142.4407  1.00271094 83147
INMARSAT 3-F5           
1 25153U 98006B   20226.46829557 -.00000289  00000-0  00000-0 0  9997
2 25153   4.9297  69.9434 0004616  85.8898 281.1383  1.00273808 82507
UFO 8 (USA 138)         
1 25258U 98016A   20226.72618723 -.00000024  00000-0  00000+0 0  9990
2 25258   8.7230  32.5422 0003366  98.8636 264.2329  1.00270533 82188
ASTRA 2A                
1 25462U 98050A   20227.15701920  .00000149  00000-0  00000+0 0  9992
2 25462   1.7581  92.6308 0002931  54.6150 260.2552  1.00271986 80359
JCSAT-4A                
1 25630U 99006A   20226.86511457 -.00000309  00000-0  00000-0 0  9992
2 25630   4.7225  73.6481 0005188 163.5536 173.0173  1.00273425 29218
SKYNET 4E               
1 25639U 99009B   20227.22405677 -.00000031  00000-0  00000+0 0  9992
2 25639  10.9046  20.6957 0002805 114.5543 267.3552  1.00270326 78639
ASIASAT 3S              
1 25657U 99013A   20225.86242022 -.00000226  00000-0  00000-0 0  9995
2 25657   4.9068  72.1244 0003173  48.0197 299.6002  1.00273140 78413
NIMIQ 1                 
1 25740U 99027A   20226.82071149 -.00000198  00000-0  00000-0 0  9998
2 25740   1.2277  93.7691 0005325  55.4416  22.4261  1.00272671 77663
ABS-7                   
1 25894U 99046A   20226.82823752 -.00000362  00000-0  00000-0 0  9997
2 25894   1.1059  94.4745 0002971  54.3264 228.1917  1.00271637 75731
ABS-6                   
1 25924U 99053A   20226.88223013 -.00000118  00000-0  00000-0 0  9998
2 25924   0.0616 292.4961 0002866 189.1536 317.6935  1.00271539 76482
TELSTAR 12 (ORION 2)    
1 25949U 99059A   20226.60574640 -.00000064  00000-0  00000+0 0  9995
2 25949   3.4393  83.3895 0004629  51.2513 296.7184  1.00272494 76130
AMC-4 (GE-4)            
1 25954U 99060A   20227.20952344  .00000089  00000-0  00000+0 0  9997
2 25954   0.1063 278.8898 0002378 224.3049 120.4082  1.00270638 76097
UFO 10 (USA 146)        
1 25967U 99063A   20226.85617457 -.00000186  00000-0  00000-0 0  9997
2 25967   7.9265  35.4708 0005785  85.4746 127.2092  1.00267631 75951
GALAXY 11 (G-11)        
1 26038U 99071A   20226.60403466 -.00000162  00000-0  00000+0 0  9995
2 26038   1.3496  95.5465 0000447 352.4459 358.8453  1.00272061 75686
USA 148                 
1 26052U 00001A   20226.64598406  .00000040  00000-0  00000-0 0  9994
2 26052   8.4951  46.2928 0002225  55.9455 272.9648  1.00273165 11565
ASIASTAR                
1 26107U 00016A   20226.77550670 -.00000334  00000-0  00000+0 0  9992
2 26107   4.1366  76.7894 0003996  66.0347 204.0045  1.00274853 74761
USA 149 (DSP 20)        
1 26356U 00024A   20226.68940987  .00000099  00000-0  00000-0 0  9999
2 26356  11.5843  26.0236 0001544 265.0367 114.8255  1.00257745 11524
EUTELSAT 80A            
1 26369U 00028A   20227.13471628  .00000121  00000-0  00000+0 0  9994
2 26369   3.5187  80.7495 0004495  64.7272 274.2641  1.00270482 74084
TDRS 8                  
1 26388U 00034A   20226.52136571 -.00000231  00000-0  00000+0 0  9992
2 26388   9.3167  47.1458 0014447 330.8025 221.3524  1.00267550 73774
INTELSAT 9 (IS-9)       
1 26451U 00043A   20226.82803932 -.00000287  00000-0  00000-0 0  9990
2 26451   5.8107  65.4457 0002138  82.8074  62.5578  1.00271043 22752
BRASILSAT B4            
1 26469U 00046A   20226.60429639 -.00000171  00000-0  00000-0 0  9998
2 26469   4.1074  78.0919 0002897  72.2700 297.6746  1.00270842 73570
ASTRA 2B                
1 26494U 00054A   20227.22322319  .00000117  00000-0  00000+0 0  9999
2 26494   4.6389  73.4991 0004728  66.3386 283.2024  1.00272774 72856
NSS-11 (AAP-1)          
1 26554U 00059A   20226.80125789  .00000027  00000-0  00000-0 0  9997
2 26554   0.0540 286.5075 0001684 208.8384 291.7810  1.00272358 19903
USA 153                 
1 26575U 00065A   20226.86485288 -.00000321  00000-0  00000-0 0  9994
2 26575   7.9855  49.5683 0000859  28.6565 330.6986  1.00274682 11535
AMC-6 (GE-6)            
1 26580U 00067A   20226.61771525  .00000090  00000-0  00000+0 0  9998
2 26580   0.0092  38.0347 0001762 194.4917 183.2848  0.99976713 72598
INTELSAT 12 (IS-12)     
1 26590U 00068A   20227.13794402  .00000012  00000-0  00000+0 0  9991
2 26590   3.0616  85.7465 0003299  58.9496 292.2231  1.00271674 72412
INTELSAT 1R (IS-1R)     
1 26608U 00072A   20226.86930190 -.00000139  00000-0  00000-0 0  9993
2 26608   2.8539  86.2218 0000241 353.5465 353.0171  1.00272096 19924
ANIK F1                 
1 26624U 00076A   20226.60682130 -.00000072  00000-0  00000+0 0  9990
2 26624   0.0204 191.1343 0002337 318.5179 283.9921  1.00271372 72331
ASTRA 2D                
1 26638U 00081A   20226.63404382  .00000063  00000-0  00000+0 0  9994
2 26638   5.9033  64.3927 0001619  65.5263 118.1256  1.00268653 71993
AMC-8 (GE-8)            
1 26639U 00081B   20226.58718184  .00000089  00000-0  00000+0 0  9995
2 26639   0.7930  95.3575 0002732  48.3599 255.1286  1.00271837 71885
USA 157 (MILSTAR-2 2)   
1 26715U 01009A   20226.86537628 -.00000307  00000-0  00000-0 0  9999
2 26715   9.3795  30.2603 0002105 110.9513 270.7504  1.00277890 11560
EUTELSAT 133 WEST A     
1 26719U 01011A   20226.59609619  .00000078  00000-0  00000+0 0  9999
2 26719   2.0932  88.4989 0004823  56.7929 258.9134  1.00272965 71185
INTELSAT 10 (IS-10)     
1 26766U 01019A   20227.06279117  .00000123  00000-0  00000+0 0  9999
2 26766   4.0166  78.5929 0001784  79.7639 234.7037  1.00271123 70535
INTELSAT 901 (IS-901)   
1 26824U 01024A   20226.83248834 -.00000200  00000-0  00000-0 0  9994
2 26824   0.0505 271.2662 0000910 259.4795  64.1633  1.00271181  1602
ASTRA 2C                
1 26853U 01025A   20226.84269494  .00000136  00000-0  00000-0 0  9990
2 26853   2.9579  85.0811 0002583  61.4521 143.2726  1.00275205 23662
USA 159 (DSP 21)        
1 26880U 01033A   20226.92847126 -.00000295  00000-0  00000+0 0  9998
2 26880  10.8184  29.9761 0000642 294.1593 283.8376  1.00268563 10220
INTELSAT 902 (IS-902)   
1 26900U 01039A   20226.82795208 -.00000281  00000-0  00000-0 0  9995
2 26900   0.7521  96.2974 0002922  78.1194  36.2380  1.00270226 69328
EUTELSAT 12 WEST B      
1 26927U 01042A   20226.79416472 -.00000100  00000-0  00000+0 0  9996
2 26927   1.2008  93.1714 0006447  38.7800 104.1200  1.00272192 69132
USA 164 (MILSTAR-2 3)   
1 27168U 02001A   20226.62645431  .00000102  00000-0  00000-0 0  9993
2 27168   8.8228  31.6799 0002353 121.7950  53.5502  1.00268980 11564
ECHOSTAR 7              
1 27378U 02006A   20226.59970899  .00000002  00000-0  00000+0 0  9994
2 27378   0.0614 279.3791 0001378 201.9514 298.2352  1.00270823 67679
INTELSAT 904 (IS-904)   
1 27380U 02007A   20226.83205216 -.00000213  00000-0  00000-0 0  9995
2 27380   1.5902  92.8356 0003191  66.3594  73.5445  1.00272005 30377
TDRS 9                  
1 27389U 02011A   20226.46672532 -.00000287  00000-0  00000-0 0  9998
2 27389   7.6066  66.9025 0023222 285.8705  75.3557  1.00275387 69055
JCSAT-2A                
1 27399U 02015A   20227.07064240 -.00000234  00000-0  00000+0 0  9993
2 27399   3.0350  84.8656 0005645  22.6601 327.6853  1.00427146 67223
ASTRA 3A                
1 27400U 02015B   20227.10776038 -.00000204  00000-0  00000+0 0  9992
2 27400   6.0292  63.1659 0001027  87.6073 124.2585  1.00272524 67323
NSS-7                   
1 27414U 02019A   20227.12121775 -.00000158  00000-0  00000+0 0  9993
2 27414   4.3615  76.3451 0002421  60.4127 209.8631  1.00271788 67178
DIRECTV 5 (TEMPO 1)     
1 27426U 02023A   20226.60486917 -.00000054  00000-0  00000-0 0  9991
2 27426   0.0087 104.3401 0003339  46.0672 279.7129  1.00272942 66932
INTELSAT 905 (IS-905)   
1 27438U 02027A   20227.12023512 -.00000184  00000-0  00000+0 0  9997
2 27438   1.4113  93.7366 0002475  49.0284 199.0203  1.00272938 66575
GALAXY 3C (G-3C)        
1 27445U 02030A   20226.53189056 -.00000148  00000-0  00000+0 0  9999
2 27445   0.0192 348.0621 0002794 309.9281 120.8302  1.00267050 66564
EUTELSAT 5 WEST A       
1 27460U 02035A   20227.12407351 -.00000041  00000-0  00000+0 0  9990
2 27460   0.6956  96.5981 0004842  53.1529 212.9294  1.00272268 66366
METEOSAT-8 (MSG-1)      
1 27509U 02040B   20227.06156986  .00000137  00000-0  00000+0 0  9993
2 27509   6.8217  53.8460 0001296  95.4935 237.1220  1.00272317 65863
INTELSAT 906 (IS-906)   
1 27513U 02041A   20227.13785678  .00000016  00000-0  00000+0 0  9999
2 27513   0.4173  99.3371 0003160  53.3718 284.0668  1.00272562 65587
HISPASAT 30W-4          
1 27528U 02044A   20226.73765238  .00000118  00000-0  00000+0 0  9996
2 27528   1.2068  93.3847 0004093  36.2456 315.5206  1.00272106 65551
TDRS 10                 
1 27566U 02055A   20226.80378774  .00000090  00000-0  00000-0 0  9993
2 27566   7.0028  53.3492 0006090 311.3865  76.1550  1.00269439 64843
NSS-6                   
1 27603U 02057A   20226.80413668  .00000110  00000-0  00000-0 0  9992
2 27603   0.0094 243.9966 0005272 277.6226 281.0654  1.00273743 64643
NIMIQ 2                 
1 27632U 02062A   20222.12063323 -.00000109  00000-0  00000+0 0  9998
2 27632   4.4665  75.6460 0007755 234.4597 322.1822  0.99677071 64425
USA 167                 
1 27691U 03008A   20226.59670685  .00000056  00000-0  00000+0 0  9994
2 27691   6.7488  58.5554 0003114  16.0052 332.5661  1.00271496 10226
USA 169 (MILSTAR-2 4)   
1 27711U 03012A   20226.71646598 -.00000192  00000-0  00000-0 0  9995
2 27711   9.1336  44.4487 0002145 138.7189 189.6981  1.00273806 11553
GALAXY 12 (G-12)        
1 27715U 03013B   20226.61771525  .00000059  00000-0  00000+0 0  9998
2 27715   1.6256  92.1617 0001772  61.7244 261.9877  1.00271550 63618
ASIASAT 4               
1 27718U 03014A   20226.84557373  .00000155  00000-0  00000-0 0  9998
2 27718   0.0157 112.5485 0001966  30.3577 162.3929  1.00271313 23907
HELLAS-SAT 2            
1 27811U 03020A   20226.60359848 -.00000150  00000-0  00000-0 0  9996
2 27811   2.0442  91.6494 0002077  49.1060 303.8257  1.00272048 21445
THURAYA-2               
1 27825U 03026A   20226.63133951  .00000130  00000-0  00000+0 0  9991
2 27825   5.9735  33.0844 0004882 106.5936  94.0982  1.00271913 62946
OPTUS C1                
1 27831U 03028B   20226.86904021 -.00000150  00000-0  00000-0 0  9993
2 27831   1.5513  93.8115 0006178  45.6237 291.8581  1.00270836 31661
GALAXY 23 (G-23)        
1 27854U 03034A   20226.59789522  .00000015  00000-0  00000-0 0  9991
2 27854   0.0592 268.2484 0003105 238.0254 270.4455  1.00271815 62348
USA 170                 
1 27875U 03040A   20226.93046594 -.00000273  00000-0  00000-0 0  9991
2 27875   5.9978  64.0518 0005662  70.8051 120.2844  1.00278604 11576
GALAXY 13 (HORIZONS 1)  
1 27954U 03044A   20226.59390272  .00000050  00000-0  00000-0 0  9992
2 27954   0.0282  94.5620 0003369  84.3787 230.3209  1.00269438 25172
YAMAL 202               
1 28089U 03053A   20224.78880619 -.00000078  00000-0  00000-0 0  9991
2 28089   0.9790  94.9334 0006544  30.7685 282.4549  1.00272609 61271
UFO 11 (USA 174)        
1 28117U 03057A   20227.06819979 -.00000094  00000-0  00000+0 0  9999
2 28117   6.1163  37.4880 0003016  36.3816 348.4013  1.00272146 61031
USA 176 (DSP 22)        
1 28158U 04004A   20226.99893448 -.00000218  00000-0  00000+0 0  9999
2 28158   9.2329  38.9168 0001284 143.4725 227.5008  1.00273295 10225
ABS-4 (MOBISAT-1)       
1 28184U 04007A   20227.06549549  .00000042  00000-0  00000+0 0  9994
2 28184   0.6659  96.3454 0005404  50.1655 260.9605  1.00271149 60196
EUTELSAT 7A             
1 28187U 04008A   20227.05947619  .00000155  00000-0  00000+0 0  9992
2 28187   0.4606  89.2350 0000870 102.3610 183.6626  1.00270259 60193
DIRECTV 7S              
1 28238U 04016A   20226.59970877  .00000003  00000-0  00000-0 0  9991
2 28238   0.0125  95.1837 0002824  53.1605 270.9644  1.00271675 59669
AMC-11 (GE-11)          
1 28252U 04017A   20227.20396638  .00000070  00000-0  00000+0 0  9997
2 28252   0.0391 291.9363 0002597 210.5179 123.0494  1.00273195 59314
INTELSAT 10-02          
1 28358U 04022A   20226.92376659 -.00000009  00000-0  00000-0 0  9993
2 28358   0.0153 140.1286 0002857  16.8946 137.3427  1.00272854 59263
ANIK F2                 
1 28378U 04027A   20226.60486984 -.00000048  00000-0  00000+0 0  9990
2 28378   0.0107 339.7218 0000273 312.5634 136.8963  1.00270488 58961
AMC-15                  
1 28446U 04041A   20226.60871948 -.00000087  00000-0  00000+0 0  9993
2 28446   0.0568 286.6996 0002644 226.3323 283.5576  1.00271235 57951
AMC-16                  
1 28472U 04048A   20226.82106044 -.00000204  00000-0  00000-0 0  9993
2 28472   0.0624 284.6049 0002544 220.9194  27.7596  1.00271496 57336
NSS-10 (AMC-12)         
1 28526U 05003A   20226.47161056 -.00000249  00000-0  00000+0 0  9998
2 28526   1.1506  94.0788 0002791  48.0192 312.5924  1.00272127 56927
XTAR-EUR                
1 28542U 05005A   20227.02253571  .00000153  00000-0  00000+0 0  9997
2 28542   0.0055 100.7201 0002458  57.7384 201.5526  1.00274486 56797
XM-3 (RHYTHM)           
1 28626U 05008A   20227.18174308 -.00000204  00000-0  00000+0 0  9998
2 28626   0.0120 325.1055 0000486 257.5270  80.7506  1.00270905 56670
INMARSAT 4-F1           
1 28628U 05009A   20226.86659759 -.00000259  00000-0  00000-0 0  9994
2 28628   3.2023  27.6381 0002666 125.7607 264.8391  1.00272772 56285
APSTAR 6                
1 28638U 05012A   20227.09650397 -.00000085  00000-0  00000+0 0  9990
2 28638   1.7807  91.5709 0003667  44.2583  24.7690  1.00271528 81026
DIRECTV 8               
1 28659U 05019A   20226.61150054 -.00000114  00000-0  00000-0 0  9996
2 28659   0.0100 140.2670 0002793   5.8427 295.7577  1.00271365 55737
GALAXY 28 (G-28)        
1 28702U 05022A   20226.82018809 -.00000183  00000-0  00000-0 0  9999
2 28702   0.0116 100.4142 0001236 311.9779 116.5914  1.00272662 30725
EXPRESS-AM3             
1 28707U 05023A   20226.93027980 -.00000322  00000-0  00000-0 0  9992
2 28707   1.9675  90.3485 0002185  10.1274 300.2929  1.00272030 55442
THAICOM 4               
1 28786U 05028A   20226.64643132 -.00000361  00000-0  00000-0 0  9998
2 28786   0.0157  99.5292 0002539  50.9930 164.2023  1.00271784 30873
GALAXY 14 (G-14)        
1 28790U 05030A   20227.13729770  .00000038  00000-0  00000+0 0  9993
2 28790   0.0399 291.0937 0002329 218.0409  98.2995  1.00272517 54916
ANIK F1R                
1 28868U 05036A   20226.60682144 -.00000073  00000-0  00000-0 0  9990
2 28868   0.0318 299.1658 0001434 183.5176 310.9694  1.00275658 25057
GALAXY 15 (G-15)        
1 28884U 05041A   20226.59609619  .00000081  00000-0  00000-0 0  9996
2 28884   0.0558 272.1619 0001718 223.9311 267.9732  1.00270047 54327
SYRACUSE 3A             
1 28885U 05041B   20226.77559998  .00000131  00000-0  00000+0 0  9996
2 28885   0.0256 104.6930 0002845  26.3580 157.7808  1.00271633 54336
INMARSAT 4-F2           
1 28899U 05044A   20227.13785678  .00000012  00000-0  00000+0 0  9999
2 28899   3.0546  30.4186 0002872 125.7393 280.3859  1.00272764 54112
TELKOM 2                
1 28902U 05046A   20226.86930190 -.00000136  00000-0  00000-0 0  9995
2 28902   0.0117  97.4209 0001561 340.2776 355.0061  1.00271579 54040
SPACEWAY 2              
1 28903U 05046B   20226.73826303  .00000106  00000-0  00000-0 0  9998
2 28903   0.3166  93.7174 0000165 216.9538 138.8227  1.00272602 29942
METEOSAT-9 (MSG-2)      
1 28912U 05049B   20226.72280714  .00000019  00000-0  00000-0 0  9993
2 28912   4.5417  69.9104 0001911  25.3991 130.9366  1.00276775 53646
EUTELSAT 174A           
1 28924U 05052A   20226.72618723  .00000012  00000-0  00000+0 0  9997
2 28924   0.0651  17.9801 0006029 127.7851 252.2580  1.00272492 53596
ECHOSTAR 10             
1 28935U 06003A   20227.19840912 -.00000055  00000-0  00000+0 0  9993
2 28935   0.0524 285.8890 0001893 161.3258 197.1215  1.00274631 53128
SPAINSAT                
1 28945U 06007A   20226.18860188 -.00000214  00000-0  00000+0 0  9990
2 28945   0.0532 262.3336 0004748 271.4827 186.1898  1.00271761 52833
EUTELSAT HOT BIRD 13E   
1 28946U 06007B   20227.12765017  .00000089  00000-0  00000+0 0  9990
2 28946   0.0660 252.6073 0006638 267.2883 222.0522  1.00272631 52911
JCSAT-5A                
1 29045U 06010A   20227.00783255 -.00000326  00000-0  00000+0 0  9991
2 29045   0.0361 262.2838 0001970 257.8950 297.5842  1.00273401 52558
ASTRA 1KR               
1 29055U 06012A   20226.84182258  .00000121  00000-0  00000-0 0  9994
2 29055   0.0389 264.7117 0003576 283.0955  97.1617  1.00271185 24332
GOES 13                 
1 29155U 06018A   20226.71368859  .00000041  00000-0  00000-0 0  9991
2 29155   0.0691 196.0791 0007683   2.4027  82.2834  1.00269340 21973
EUTELSAT 113 WEST A     
1 29162U 06020A   20227.19840912 -.00000036  00000-0  00000+0 0  9994
2 29162   0.0533 284.3125 0003082 223.0467 134.1251  1.00271391 52070
GALAXY 16 (G-16)        
1 29236U 06023A   20227.18729758 -.00000126  00000-0  00000+0 0  9992
2 29236   0.0097 110.6385 0002517  36.8795 143.9734  1.00271590 51874
EUTELSAT HOT BIRD 13B   
1 29270U 06032A   20227.12765017  .00000088  00000-0  00000+0 0  9998
2 29270   0.0668 342.5524 0002039 143.9843 255.4188  1.00270011 51475
JCSAT-3A                
1 29272U 06033A   20226.73313170 -.00000343  00000-0  00000-0 0  9992
2 29272   0.0099 143.4276 0002229   9.1032 202.0110  1.00271889 26346
SYRACUSE 3B             
1 29273U 06033B   20226.33440326 -.00000041  00000-0  00000-0 0  9998
2 29273   0.0125 142.0040 0005437 351.9473 303.4680  1.00274262 51302
KOREASAT 5 (MUGUNGWHA 5)
1 29349U 06034A   20226.74424579 -.00000356  00000-0  00000+0 0  9998
2 29349   0.0152 132.2880 0002040  50.7606 160.5530  1.00270681 51248
DIRECTV 9S              
1 29494U 06043A   20227.22925128 -.00000112  00000-0  00000+0 0  9999
2 29494   0.0197 162.6256 0002917 350.7954 151.0096  1.00272511 50711
OPTUS D1                
1 29495U 06043B   20226.75652906 -.00000109  00000-0  00000-0 0  9995
2 29495   0.0111  94.5939 0003421  52.5709 247.8261  1.00272063 50726
XM-4 (BLUES)            
1 29520U 06049A   20226.99514087 -.00000021  00000-0  00000+0 0  9995
2 29520   0.0135 155.5793 0000166   0.9588  49.3077  1.00272342 50609
BADR-4                  
1 29526U 06051A   20227.13026726  .00000146  00000-0  00000+0 0  9996
2 29526   0.0524 335.0237 0001862 210.5693 210.2421  1.00272134 50505
WILDBLUE-1              
1 29643U 06054A   20226.60486976 -.00000048  00000-0  00000+0 0  9999
2 29643   0.0105 117.4052 0001514  31.9846 279.6721  1.00275394 50150
AMC-18                  
1 29644U 06054B   20226.63926595  .00000106  00000-0  00000+0 0  9993
2 29644   0.0525 279.7408 0002571 227.5389 266.3660  1.00273082 50161
MEASAT-3                
1 29648U 06056A   20227.07160199 -.00000240  00000-0  00000+0 0  9998
2 29648   0.0279 145.5281 0003561   4.6863 290.0238  1.00272104 50160
INSAT-4B                
1 30793U 07007A   20226.85499521 -.00000188  00000-0  00000-0 0  9999
2 30793   0.5743  97.2233 0003767 121.9488 136.8755  1.00271086 20816
SKYNET 5A               
1 30794U 07007B   20226.83529653 -.00000270  00000-0  00000-0 0  9990
2 30794   0.6980  90.9564 0003704  56.3619 211.3202  1.00271520 49300
ANIK F3                 
1 31102U 07009A   20226.59970900  .00000000  00000-0  00000-0 0  9994
2 31102   0.0051 161.7563 0002119   6.9683 250.9699  1.00276859 25161
ASTRA 1L                
1 31306U 07016A   20226.84182258  .00000121  00000-0  00000-0 0  9991
2 31306   0.0481 300.3056 0001150 262.6548  82.0210  1.00271439 23640
GALAXY 17 (G-17)        
1 31307U 07016B   20226.81983914 -.00000172  00000-0  00000-0 0  9994
2 31307   0.0188  75.9090 0003214  73.7775  17.1562  1.00271932 48569
ZHONGXING-6B            
1 31800U 07031A   20227.22150132 -.00000360  00000-0  00000+0 0  9991
2 31800   0.0320 247.8788 0003497 259.9346  10.5222  1.00275633 48083
DIRECTV 10              
1 31862U 07032A   20227.19285463 -.00000102  00000-0  00000+0 0  9996
2 31862   0.0462 276.0062 0000179 210.3714 163.3889  1.00273055 48016
SPACEWAY 3              
1 32018U 07036A   20227.18729758 -.00000150  00000-0  00000+0 0  9996
2 32018   0.0048 336.3872 0000277 232.2184  86.9392  1.00272188 47735
BSAT-3A                 
1 32019U 07036B   20226.89502536 -.00000349  00000-0  00000-0 0  9998
2 32019   0.0945 256.3923 0003250 299.4342 199.0025  1.00270876 29129
INSAT-4CR               
1 32050U 07037A   20227.13462905  .00000125  00000-0  00000+0 0  9997
2 32050   1.4691  92.8707 0005477 150.7092 175.7725  1.00270517 47461
OPTUS D2                
1 32252U 07044A   20226.86825507 -.00000182  00000-0  00000-0 0  9994
2 32252   0.0515 277.5316 0003521 229.5420 280.2552  1.00271813 47179
INTELSAT 11 (IS-11)     
1 32253U 07044B   20226.93046594 -.00000267  00000-0  00000-0 0  9998
2 32253   0.0102 115.9507 0001833  62.5003  76.3431  1.00272460 47219
WGS F1 (USA 195)        
1 32258U 07046A   20226.83920550  .00000043  00000-0  00000-0 0  9998
2 32258   0.0145 102.2341 0000527 107.3706  61.2301  1.00272283 30981
STAR ONE C1             
1 32293U 07056A   20226.82498605 -.00000275  00000-0  00000-0 0  9996
2 32293   0.0091 315.2442 0002625 203.0228  36.4395  1.00271808 30385
SKYNET 5B               
1 32294U 07056B   20226.84295664  .00000143  00000-0  00000-0 0  9992
2 32294   0.0708  14.5420 0003842 136.6972 140.0286  1.00271414 46803
ASTRA 4A (SIRIUS 4)     
1 32299U 07057A   20226.83894380  .00000034  00000-0  00000-0 0  9996
2 32299   0.0121  73.5231 0002831  62.4347 133.5908  1.00271777 30297
HORIZONS 2              
1 32388U 07063B   20226.85490796 -.00000181  00000-0  00000-0 0  9991
2 32388   0.0142  99.1252 0002692  43.0597 213.1690  1.00273416 46464
THURAYA-3               
1 32404U 08001A   20227.00120262 -.00000300  00000-0  00000+0 0  9991
2 32404   3.7701  10.9572 0003900 114.3045 296.5603  1.00272765 46143
EXPRESS-AM33            
1 32478U 08003A   20223.73624113 -.00000281  00000-0  00000-0 0  9993
2 32478   0.0540 267.0018 0000430   4.5927  49.6015  1.00271256 46181
THOR 5                  
1 32487U 08006A   20226.92376659 -.00000007  00000-0  00000-0 0  9995
2 32487   0.0537 271.3148 0002230 234.6415 148.6565  1.00271451 45914
AMC-14                  
1 32708U 08011A   20226.19543644  .00000080  00000-0  00000-0 0  9996
2 32708  21.0524  46.7132 0039680   9.3176 354.4666  1.00269227 46767
DIRECTV 11              
1 32729U 08013A   20227.18729758 -.00000125  00000-0  00000+0 0  9993
2 32729   0.0076 300.1410 0000308 298.6798  52.4965  1.00272384 45543
ICO G1                  
1 32763U 08016A   20227.03478844 -.00000169  00000-0  00000+0 0  9993
2 32763   3.6484  14.0385 0002211 126.0280 102.5098  1.00272524 45078
VINASAT-1               
1 32767U 08018A   20226.93603740 -.00000326  00000-0  00000+0 0  9997
2 32767   0.0531 285.7823 0001854 239.3716 266.5735  1.00273813 45200
STAR ONE C2             
1 32768U 08018B   20226.82402646 -.00000263  00000-0  00000-0 0  9999
2 32768   0.0191 178.9244 0002865 350.0475  20.3745  1.00273592 45288
TIANLIAN 1-01           
1 32779U 08019A   20226.70257728 -.00000140  00000-0  00000+0 0  9991
2 32779   4.2436  72.3309 0028908 260.5389 322.6833  1.00271963 45075
AMOS-3                  
1 32794U 08022A   20226.83711184 -.00000033  00000-0  00000-0 0  9999
2 32794   0.0161 188.4964 0002540 303.3720 128.0949  1.00273765 60970
GALAXY 18 (G-18)        
1 32951U 08024A   20226.74122906  .00000027  00000-0  00000-0 0  9996
2 32951   0.0137 103.7163 0002959  49.1499 313.5949  1.00271171 24500
CHINASAT 9 (ZX 9)       
1 33051U 08028A   20226.83499560 -.00000246  00000-0  00000-0 0  9999
2 33051   0.0092 157.7828 0003628 356.1701 201.5783  1.00271416 44641
SKYNET 5C               
1 33055U 08030A   20226.83440753 -.00000137  00000-0  00000-0 0  9995
2 33055   0.0630 358.3326 0004753 165.6492  81.3080  1.00272947 44560
TURKSAT 3A              
1 33056U 08030B   20226.84635885  .00000147  00000-0  00000-0 0  9999
2 33056   0.0254  80.9957 0004689  55.8836 172.5517  1.00275213 30967
INTELSAT 25 (IS-25)     
1 33153U 08034A   20227.11883934 -.00000223  00000-0  00000+0 0  9997
2 33153   0.0144 148.4379 0001194  46.1586 139.6760  1.00271083 44256
BADR-6                  
1 33154U 08034B   20226.84313112  .00000146  00000-0  00000+0 0  9996
2 33154   0.0501  37.4433 0004002  85.4331 169.3735  1.00269488 44356
ECHOSTAR 11             
1 33207U 08035A   20226.60586632 -.00000055  00000-0  00000-0 0  9990
2 33207   0.0170 104.0772 0002476  36.3466 290.1775  1.00272099 29847
SUPERBIRD-C2            
1 33274U 08038A   20226.86668483 -.00000249  00000-0  00000-0 0  9995
2 33274   0.0196 200.3154 0002290 346.4378 231.9567  1.00271939 84333
AMC-21                  
1 33275U 08038B   20226.59766646  .00000038  00000-0  00000+0 0  9990
2 33275   0.0616 283.8062 0002619 229.3902 259.5453  1.00274242 44079
INMARSAT 4-F3           
1 33278U 08039A   20227.03374161 -.00000138  00000-0  00000+0 0  9993
2 33278   3.1427  13.1612 0002883 137.7674  86.1393  1.00270746 43871
NIMIQ 4                 
1 33373U 08044A   20226.82158385 -.00000218  00000-0  00000-0 0  9999
2 33373   0.0061  58.7078 0002245  87.0465  30.7172  1.00272471 43591
GALAXY 19 (G-19)        
1 33376U 08045A   20226.61432022 -.00000137  00000-0  00000+0 0  9992
2 33376   0.0099 117.0736 0003180  36.5187 293.0540  1.00272454 43442
ASTRA 1M                
1 33436U 08057A   20226.98532567  .00000121  00000-0  00000+0 0  9999
2 33436   0.0150 132.1905 0005092   9.3939 195.2099  1.00268679 43097
CIEL-2                  
1 33453U 08063A   20227.20396638  .00000060  00000-0  00000+0 0  9990
2 33453   0.0181 185.9501 0002794 320.9982 120.7004  1.00264339 42754
EUTELSAT HOT BIRD 13C   
1 33459U 08065A   20226.92617566  .00000088  00000-0  00000-0 0  9993
2 33459   0.0345  24.4818 0005216 106.8050 177.9363  1.00270115 25953
EUTELSAT 48D            
1 33460U 08065B   20226.84758015  .00000126  00000-0  00000-0 0  9994
2 33460   0.1049 276.3506 0004501 255.0695 144.5032  1.00271101 42562
FENGYUN 2E              
1 33463U 08066A   20226.99884725 -.00000203  00000-0  00000+0 0  9998
2 33463   4.4576  68.3742 0002744 300.5261  40.2348  1.00272232 42692
EXPRESS-AM44            
1 33595U 09007A   20227.12293943 -.00000087  00000-0  00000+0 0  9992
2 33595   0.0456 258.4131 0001127 343.6007 114.2408  1.00272303 42161
NSS-9                   
1 33749U 09008A   20226.80265368  .00000074  00000-0  00000-0 0  9994
2 33749   0.0471 288.1592 0002032 219.9155 286.6264  1.00273351 42130
EUTELSAT 33E            
1 33750U 09008B   20227.13166303  .00000157  00000-0  00000+0 0  9993
2 33750   0.0536  22.3210 0003705 130.6703 250.4854  1.00273330 42215
TELSTAR 11N             
1 34111U 09009A   20227.11761803 -.00000249  00000-0  00000+0 0  9993
2 34111   0.0127 108.2084 0002239  27.6951 191.8728  1.00270838 42024
EUTELSAT 10A            
1 34710U 09016A   20227.12703953  .00000069  00000-0  00000+0 0  9998
2 34710   0.0656  18.6396 0005321 122.3408 237.7321  1.00272333 41582
WGS F2 (USA 204)        
1 34713U 09017A   20227.15671581  .00000049  00000-0  00000+0 0  9994
2 34713   0.0139 114.0973 0001146 263.5440  61.9982  1.00269743 41556
SES-7 (PROTOSTAR 2)     
1 34941U 09027A   20227.00312181 -.00000344  00000-0  00000+0 0  9999
2 34941   0.0151  92.5470 0000611 154.5808 185.1174  1.00275250 41235
MEASAT-3A               
1 35362U 09032A   20227.07160199 -.00000240  00000-0  00000+0 0  9995
2 35362   0.0604 252.4888 0002581 295.4721 252.2514  1.00274309 40847
GOES 14                 
1 35491U 09033A   20227.22940752 -.00000091  00000-0  00000+0 0  9991
2 35491   0.4542  97.6321 0010205 117.6388  85.8831  1.00270523 40769
SIRIUS FM-5             
1 35493U 09034A   20226.92757215 -.00000198  00000-0  00000-0 0  9999
2 35493   0.0326 280.0514 0000303  87.9145 202.6196  1.00271540 25291
TERRESTAR-1             
1 35496U 09035A   20226.60511448 -.00000054  00000-0  00000-0 0  9995
2 35496   2.5599  19.4380 0002709 125.6161 284.2524  1.00272362 40783
ASIASAT 5               
1 35696U 09042A   20226.78625331 -.00000305  00000-0  00000+0 0  9999
2 35696   0.0100 112.3874 0001284   5.7073 228.0928  1.00268789 40270
JCSAT-RA (JCSAT-12)     
1 35755U 09044A   20226.87165727 -.00000030  00000-0  00000-0 0  9991
2 35755   0.0295 128.1558 0001882  11.7451 305.5509  1.00270989 40211
OPTUS D3                
1 35756U 09044B   20226.94083536 -.00000145  00000-0  00000+0 0  9993
2 35756   0.0498 316.3824 0002428 178.2046 322.9222  1.00273149 40249
PALAPA D                
1 35812U 09046A   20226.78992863 -.00000357  00000-0  00000-0 0  9998
2 35812   0.3021  94.5896 0002753  90.7807 174.6276  1.00273222 40271
NIMIQ 5                 
1 35873U 09050A   20226.82350306 -.00000255  00000-0  00000-0 0  9992
2 35873   0.0615 277.6235 0003111 244.0373  24.7991  1.00273052 39960
AMAZONAS 2              
1 35942U 09054A   20226.82585841 -.00000280  00000-0  00000-0 0  9995
2 35942   0.0208 146.2572 0005210 353.2070  59.5538  1.00271744 39799
COMSATBW-1              
1 35943U 09054B   20226.85054618  .00000026  00000-0  00000-0 0  9999
2 35943   0.0653 103.3448 0003181  47.6862 180.8972  1.00273182 39909
NSS-12                  
1 36032U 09058A   20227.15484110  .00000073  00000-0  00000+0 0  9992
2 36032   0.0559 287.0263 0002658 226.0147 282.7246  1.00270899 39533
THOR 6                  
1 36033U 09058B   20227.16900944 -.00000008  00000-0  00000+0 0  9991
2 36033   0.0368 262.6793 0002321 274.9968 205.3674  1.00272741 39588
INTELSAT 14 (IS-14)     
1 36097U 09064A   20226.82899891 -.00000272  00000-0  00000-0 0  9992
2 36097   0.0137 113.2335 0002119  37.4104  65.5104  1.00271461 39317
EUTELSAT 36B            
1 36101U 09065A   20227.22261917  .00000157  00000-0  00000+0 0  9996
2 36101   0.0657  15.5671 0004592 130.0546 293.4964  1.00272430 39429
INTELSAT 15 (IS-15)     
1 36106U 09067A   20227.07029346 -.00000184  00000-0  00000+0 0  9995
2 36106   0.0060  73.1485 0002155  79.8951 280.3590  1.00271348 39212
WGS F3 (USA 211)        
1 36108U 09068A   20227.05092707 -.00000095  00000-0  00000+0 0  9998
2 36108   0.0172 110.3327 0000351 130.7552  88.1704  1.00272052 39121
DIRECTV 12              
1 36131U 09075A   20226.61066616 -.00000101  00000-0  00000-0 0  9992
2 36131   0.0391 267.3265 0000293 149.7901  22.4193  1.00272049 38990
BEIDOU 3                
1 36287U 10001A   20227.11038359 -.00000280  00000-0  00000+0 0  9991
2 36287   1.4868  29.8948 0005387 121.2412 352.0106  1.00269398 38782
RADUGA-1M 2             
1 36358U 10002A   20226.85490796 -.00000182  00000-0  00000-0 0  9990
2 36358   0.0456 252.2765 0002602 267.8050 195.4111  1.00272243 28709
SDO                     
1 36395U 10005A   20226.20952167 -.00000085  00000-0  00000-0 0  9990
2 36395  30.4145 120.3581 0001535  26.9619 147.9387  1.00269084 38664
INTELSAT 16 (IS-16)     
1 36397U 10006A   20226.82280516 -.00000243  00000-0  00000-0 0  9999
2 36397   0.0082 103.3590 0002519  63.6455  15.7079  1.00270954 38443
GOES 15                 
1 36411U 10008A   20226.59282706  .00000055  00000-0  00000-0 0  9995
2 36411   0.0261 143.8818 0001840 317.7144 306.1850  1.00280791 38270
ECHOSTAR 14             
1 36499U 10010A   20227.05882046  .00000002  00000-0  00000+0 0  9990
2 36499   0.0114 119.7993 0002797  22.2275  83.1866  1.00272418 38146
SES-1                   
1 36516U 10016A   20226.61405461 -.00000112  00000-0  00000-0 0  9993
2 36516   0.0617 281.9036 0002306 223.3131 297.3223  1.00272696 37654
ASTRA 3B                
1 36581U 10021A   20226.84269494  .00000139  00000-0  00000-0 0  9998
2 36581   0.0338 357.6948 0003441 155.7474 136.1615  1.00276766 37486
COMSATBW-2              
1 36582U 10021B   20226.92873809  .00000090  00000-0  00000-0 0  9995
2 36582   0.0237  94.9209 0002402  60.4395 154.9810  1.00271214 37563
BADR-5                  
1 36592U 10025A   20226.84313112  .00000147  00000-0  00000-0 0  9990
2 36592   0.0152 130.6619 0005652  25.4320 136.1802  1.00277951 31822
COMS 1                  
1 36744U 10032A   20226.86354433 -.00000343  00000-0  00000-0 0  9999
2 36744   0.0170  87.3820 0000495  69.8575 244.5248  1.00270661 29698
ARABSAT-5A              
1 36745U 10032B   20227.13113962  .00000155  00000-0  00000+0 0  9990
2 36745   0.0623  46.1563 0005010 108.5490 245.9723  1.00271226 37245
ECHOSTAR 15             
1 36792U 10034A   20227.04106942 -.00000280  00000-0  00000+0 0  9994
2 36792   0.0007 150.1120 0001491 352.1933 133.7460  1.00274256 37008
BEIDOU 5                
1 36828U 10036A   20225.28226262 -.00000084  00000-0  10000-3 0  9995
2 36828  54.1687 182.4719 0101387 235.3603 121.0531  1.00299892 36804
NILESAT 201             
1 36830U 10037A   20226.83658843 -.00000056  00000-0  00000-0 0  9990
2 36830   0.0458 187.2431 0005271 307.5018 122.1343  1.00272056 36978
RASCOM-QAF 1R           
1 36831U 10037B   20227.12564375  .00000020  00000-0  00000+0 0  9999
2 36831   0.0207 108.1600 0005350  33.0447 229.9086  1.00272452 36909
AEHF-1 (USA 214)        
1 36868U 10039A   20227.06446384  .00000026  00000-0  00000+0 0  9999
2 36868   2.8770  96.6475 0005016  22.0632 231.5222  1.00268350 37058
CHINASAT 6A (ZX 6A)     
1 37150U 10042A   20225.57558295 -.00000352  00000-0  00000+0 0  9990
2 37150   0.0307 140.5939 0002458  33.9827 119.1410  1.00269956 36497
QZS-1 (MICHIBIKI-1)     
1 37158U 10045A   20226.64835052 -.00000185  00000-0  00000+0 0  9993
2 37158  41.6747 142.7916 0762057 270.9110 280.3623  1.00258151 36323
XM-5                    
1 37185U 10053A   20227.18174308 -.00000204  00000-0  00000+0 0  9994
2 37185   0.0173  97.2079 0002379 300.2928 265.7614  1.00272673 36059
BSAT-3B                 
1 37207U 10056B   20227.01577519 -.00000349  00000-0  00000+0 0  9995
2 37207   0.0959 294.9233 0000756 323.6064 179.8926  1.00272483 35881
BEIDOU 6                
1 37210U 10057A   20226.88253110 -.00000110  00000-0  00000+0 0  9998
2 37210   0.9072  52.8364 0005540 120.0404 267.6191  1.00271945 35892
SKYTERRA 1              
1 37218U 10061A   20227.19285463 -.00000116  00000-0  00000+0 0  9998
2 37218   2.1368   2.5729 0002843 174.0120 114.5742  1.00271627 35839
ZHONGXING-20A           
1 37234U 10064A   20227.12559885 -.00000349  00000-0  00000+0 0  9992
2 37234   0.9963  96.4714 0002713  39.0175 359.1199  1.00276434 35649
HYLAS 1                 
1 37237U 10065A   20226.86991256 -.00000105  00000-0  00000-0 0  9999
2 37237   0.2608  95.4189 0003548  31.9890 308.9408  1.00272191 35582
INTELSAT 17 (IS-17)     
1 37238U 10065B   20226.90865741 -.00000000  00000-0  00000-0 0  9998
2 37238   0.0134 167.9685 0002891 345.9887 201.9280  1.00271868 32043
BEIDOU 7                
1 37256U 10068A   20226.59979625 -.00000198  00000-0  00000+0 0  9990
2 37256  51.3849 297.6609 0082267 213.0323 145.1443  1.00295742 35407
EUTELSAT KA-SAT 9A      
1 37258U 10069A   20226.83972892  .00000063  00000-0  00000-0 0  9990
2 37258   0.0265 298.2975 0005045 150.6975 184.9786  1.00271765 22623
HISPASAT 30W-5          
1 37264U 10070A   20226.83196493 -.00000214  00000-0  00000-0 0  9993
2 37264   0.0126 134.4162 0005700  17.5461  80.2737  1.00274790 31797
KOREASAT 6              
1 37265U 10070B   20227.00469205 -.00000360  00000-0  00000+0 0  9999
2 37265   0.0157  90.6659 0001285  90.1690 259.7144  1.00269861 35298
BEIDOU 8                
1 37384U 11013A   20226.81346427 -.00000165  00000-0  10000-3 0  9995
2 37384  59.3491  61.0129 0049667 201.1298 110.9997  1.00290359 34284
INTELSAT NEW DAWN       
1 37392U 11016A   20226.84452689  .00000157  00000-0  00000-0 0  9994
2 37392   0.0351 236.1302 0000366 139.6790 283.7127  1.00271827 31914
YAHSAT 1A               
1 37393U 11016B   20226.77664681  .00000102  00000-0  00000-0 0  9994
2 37393   0.0282 100.5106 0002074   9.5401 184.7105  1.00273739 21016
SBIRS GEO-1 (USA 230)   
1 37481U 11019A   20226.90865741 -.00000003  00000-0  00000-0 0  9991
2 37481   2.0035 345.8347 0002405 153.4097 216.8497  1.00272291 34041
TELSTAR 14R             
1 37602U 11021A   20226.75361654 -.00000278  00000-0  00000-0 0  9990
2 37602   0.0572 285.9998 0001575 177.4521  67.4758  1.00271883 34430
GSAT-8                  
1 37605U 11022A   20227.13611206  .00000086  00000-0  00000+0 0  9993
2 37605   0.0246 108.6017 0003357 143.2932 175.1698  1.00272261 33857
ST-2                    
1 37606U 11022B   20227.07090411 -.00000210  00000-0  00000+0 0  9996
2 37606   0.0150 121.9032 0001359  50.8525 263.7008  1.00274078 33866
CHINASAT 10 (ZX 10)     
1 37677U 11026A   20226.89466270 -.00000351  00000-0  00000-0 0  9994
2 37677   0.0899 266.5530 0004709 266.8608 221.9577  1.00270086 33587
TIANLIAN 1-02           
1 37737U 11032A   20225.86704373 -.00000017  00000-0  00000-0 0  9992
2 37737   2.8482  75.1026 0015522  92.2802 277.4388  1.00272025 33321
GSAT-12                 
1 37746U 11034A   20227.14169517 -.00000163  00000-0  00000+0 0  9993
2 37746   0.1368 277.8237 0009880 178.6275   0.5735  1.00272448 33569
SES-3                   
1 37748U 11035A   20227.01272281 -.00000100  00000-0  00000+0 0  9996
2 37748   0.0563 289.2267 0002676 217.5186  77.7274  1.00271848 33306
KAZSAT-2                
1 37749U 11035B   20227.07055517 -.00000197  00000-0  00000+0 0  9990
2 37749   0.0230 169.9113 0001591  32.7114 232.2319  1.00273610 33188
BEIDOU 9                
1 37763U 11038A   20226.94017013 -.00000057  00000-0  10000-3 0  9993
2 37763  54.4537 184.8494 0074166 225.7138 346.1694  1.00282513 33254
ASTRA 1N                
1 37775U 11041A   20226.98532567  .00000121  00000-0  00000+0 0  9996
2 37775   0.0382  17.1724 0003584  72.0796 247.5397  1.00269670 33012
BSAT-3C (JCSAT-110R)    
1 37776U 11041B   20227.01577519 -.00000349  00000-0  00000+0 0  9991
2 37776   0.0362 272.0004 0000572 358.1376 168.3840  1.00271434 33137
PAKSAT-1R               
1 37779U 11042A   20226.84557373  .00000155  00000-0  00000-0 0  9996
2 37779   0.0198 170.5603 0003786 289.5173 205.0308  1.00269561 33086
CHINASAT 1A (ZX 1A)     
1 37804U 19001A   20225.93072597 -.00000336  00000-0  00000-0 0  9999
2 37804   0.0658 276.7957 0000766 339.0052 170.9400  1.00273552 32671
COSMOS 2473             
1 37806U 11048A   20226.90698781 -.00000109  00000-0  00000-0 0  9999
2 37806   0.1847 101.4188 0003656  38.3495 135.6664  1.00269525 32670
SES-2                   
1 37809U 11049A   20227.18174308 -.00000195  00000-0  00000+0 0  9992
2 37809   0.0544 281.3553 0002763 225.0304 155.0962  1.00273882 32614
ARABSAT-5C              
1 37810U 11049B   20227.22322319  .00000124  00000-0  00000+0 0  9997
2 37810   0.0611   2.5432 0005016 156.0812 264.8356  1.00269523 32524
EUTELSAT 7 WEST A       
1 37816U 11051A   20227.12363733 -.00000059  00000-0  00000+0 0  9998
2 37816   0.0625  28.6345 0007124 134.9740 196.6062  1.00271780 32584
QUETZSAT 1              
1 37826U 11054A   20226.82263069 -.00000240  00000-0  00000-0 0  9992
2 37826   0.0111  50.4633 0002910 101.5709  29.8126  1.00271174 28503
INTELSAT 18 (IS-18)     
1 37834U 11056A   20226.80204301  .00000054  00000-0  00000-0 0  9997
2 37834   0.0150  99.5810 0001885  51.7945 280.0450  1.00271735 32536
EUTELSAT 16A            
1 37836U 11057A   20227.12826083  .00000105  00000-0  00000+0 0  9999
2 37836   0.0670   4.4504 0005112 136.3648 244.3695  1.00269377 32406
VIASAT-1                
1 37843U 11059A   20227.19840912 -.00000022  00000-0  00000+0 0  9992
2 37843   0.0177 106.1892 0002209  42.0326 131.1731  1.00272292 32882
ASIASAT 7               
1 37933U 11069A   20226.90609063 -.00000333  00000-0  00000-0 0  9997
2 37933   0.0421 268.5568 0001629 208.6996 277.2096  1.00275226 23465
BEIDOU 10               
1 37948U 11073A   20226.46232189 -.00000141  00000-0  10000-3 0  9991
2 37948  51.4797 297.2580 0070559 213.6897  73.5075  1.00282974 32006
LUCH 5A                 
1 37951U 11074B   20226.87130833 -.00000047  00000-0  00000-0 0  9995
2 37951   3.3893 113.2917 0004102  14.2324 315.9729  1.00269674 31791
NIGCOMSAT 1R            
1 38014U 11077A   20227.13358222  .00000146  00000-0  00000+0 0  9991
2 38014   0.0444 278.2725 0002468 211.6281 283.7064  1.00269520 31643
FENGYUN 2F              
1 38049U 12002A   20225.02946187 -.00000357  00000-0  00000+0 0  9992
2 38049   2.1882  83.4346 0000899  57.0014 303.2140  1.00279976 31488
WGS F4 (USA 233)        
1 38070U 12003A   20226.42549222 -.00000212  00000-0  00000+0 0  9991
2 38070   0.0134 119.2978 0000543 108.2795 336.3133  1.00269431 31326
SES-4                   
1 38087U 12007A   20227.12257161 -.00000166  00000-0  00000+0 0  9997
2 38087   0.0153  52.1746 0002719  85.7136 207.2377  1.00275848 31097
BEIDOU 11               
1 38091U 12008A   20225.70112090  .00000058  00000-0  00000-0 0  9996
2 38091   1.5943  68.3331 0001606 291.9320 272.4573  1.00269117 31076
MUOS-1                  
1 38093U 12009A   20226.99252479 -.00000125  00000-0  00000+0 0  9992
2 38093   2.5299   9.6603 0051558   2.8156 207.7286  1.00271514 31065
INTELSAT 22 (IS-22)     
1 38098U 12011A   20226.85237812 -.00000057  00000-0  00000-0 0  9994
2 38098   0.0159  92.3868 0002533  64.1730 185.1068  1.00273274 30429
APSTAR 7                
1 38107U 12013A   20226.92504565 -.00000100  00000-0  00000-0 0  9996
2 38107   0.0072 148.2909 0002253   4.5829 219.4498  1.00272271 30780
YAHSAT 1B               
1 38245U 12016A   20226.78860045  .00000128  00000-0  00000+0 0  9992
2 38245   0.0202 105.7110 0001733  23.1239 165.3303  1.00272838 30529
AEHF-2 (USA 235)        
1 38254U 12019A   20226.92682919 -.00000273  00000-0  00000-0 0  9996
2 38254   2.0925  48.7589 0006930  70.6066 109.4772  1.00267445 29466
JCSAT-13                
1 38331U 12023A   20227.00617507 -.00000355  00000-0  00000+0 0  9998
2 38331   0.0142 122.6597 0002143  19.3539 307.0866  1.00272888 30187
VINASAT-2               
1 38332U 12023B   20226.86424222 -.00000327  00000-0  00000-0 0  9992
2 38332   0.0556 283.8629 0001929 231.1320 250.7158  1.00270730 25261
NIMIQ 6                 
1 38342U 12026A   20226.60438361 -.00000172  00000-0  00000+0 0  9994
2 38342   0.0619 281.2135 0002490 219.6778 308.0660  1.00271840 30206
CHINASAT 2A (ZX 2A)     
1 38352U 12028A   20226.78581713 -.00000291  00000-0  00000-0 0  9999
2 38352   0.0253 200.1872 0000725 116.4162  27.2380  1.00271208 29989
INTELSAT 19 (IS-19)     
1 38356U 12030A   20226.87104663 -.00000055  00000-0  00000+0 0  9998
2 38356   0.0095 108.1549 0002839  40.2880 293.8858  1.00271598 30125
ECHOSTAR 17             
1 38551U 12035A   20226.60777081 -.00000073  00000-0  00000+0 0  9991
2 38551   0.0247 106.0710 0001944  36.6127 291.5052  1.00269190 29738
METEOSAT-10 (MSG-3)     
1 38552U 12035B   20226.83981616  .00000065  00000-0  00000-0 0  9999
2 38552   1.3621 343.1525 0001437 140.2014 151.1287  1.00270757 29496
SES-5                   
1 38652U 12036A   20226.83894380  .00000035  00000-0  00000-0 0  9999
2 38652   0.0474  94.2188 0001979  51.7003 123.7967  1.00271526 23100
TIANLIAN 1-03           
1 38730U 12040A   20226.91379221  .00000126  00000-0  00000-0 0  9993
2 38730   0.3579 104.4129 0003005 303.2660 264.4136  1.00269900 29594
INTELSAT 20 (IS-20)     
1 38740U 12043A   20227.13872914 -.00000023  00000-0  00000+0 0  9995
2 38740   0.0204 114.3522 0000811  77.8313 249.2632  1.00271606 29447
HYLAS 2                 
1 38741U 12043B   20227.13131409  .00000156  00000-0  00000+0 0  9999
2 38741   0.0502 274.4144 0001593 223.5666 263.3188  1.00270843 29463
INTELSAT 21 (IS-21)     
1 38749U 12045A   20226.82638184 -.00000283  00000-0  00000-0 0  9999
2 38749   0.0141 107.0756 0001942  41.8453  53.2850  1.00273407 29150
ASTRA 2F                
1 38778U 12051A   20227.15701920  .00000151  00000-0  00000+0 0  9996
2 38778   0.1013 252.5293 0003202 303.1156 212.1285  1.00268918 28909
GSAT-10                 
1 38779U 12051B   20227.06985728 -.00000163  00000-0  00000+0 0  9991
2 38779   0.1086 279.7941 0000223  84.9961  66.3092  1.00272137 28902
INTELSAT 23 (IS-23)     
1 38867U 12057A   20226.92817072 -.00000283  00000-0  00000-0 0  9999
2 38867   0.0132 119.3330 0001608  27.4790  97.1454  1.00273094 28617
BEIDOU 16               
1 38953U 12059A   20226.06515656 -.00000175  00000-0  00000-0 0  9995
2 38953   1.2371  84.0324 0006370 272.4825  72.9573  1.00273966 28648
LUCH 5B                 
1 38977U 12061A   20226.90646439 -.00000134  00000-0  00000-0 0  9996
2 38977   5.8633  67.2714 0003019  66.9144 138.6288  1.00274326 28787
YAMAL 300K              
1 38978U 12061B   20226.80265368  .00000073  00000-0  00000-0 0  9995
2 38978   0.0127  96.3283 0001849 161.9272 176.3403  1.00274171 28241
STAR ONE C3             
1 38991U 12062A   20226.82297963 -.00000247  00000-0  00000-0 0  9993
2 38991   0.0104 282.3704 0002292 235.0522  26.5546  1.00272854 28374
EUTELSAT 21B            
1 38992U 12062B   20227.12939490  .00000131  00000-0  00000+0 0  9996
2 38992   0.0672   4.1622 0002497 136.3139 250.6956  1.00269509 28488
ECHOSTAR 16             
1 39008U 12065A   20226.46681257 -.00000280  00000-0  00000+0 0  9995
2 39008   0.0152 103.0359 0002026  38.0423 287.8277  1.00271951 28413
CHINASAT 12 (ZX 12)     
1 39017U 12067A   20227.14256753 -.00000205  00000-0  00000+0 0  9999
2 39017   0.0120 130.7131 0003388  14.1422 316.9759  1.00270508 28325
EUTELSAT 70B            
1 39020U 12069A   20227.06732743 -.00000042  00000-0  00000+0 0  9993
2 39020   0.0632 358.5443 0006602 171.0181 248.1219  1.00271347 28228
YAMAL 402               
1 39022U 12070A   20227.13602483  .00000087  00000-0  00000+0 0  9990
2 39022   0.0114 115.8020 0002868  38.0681 273.0078  1.00271079 28218
SKYNET 5D               
1 39034U 12075A   20227.13558865  .00000100  00000-0  00000+0 0  9998
2 39034   0.0758 354.7474 0003550 164.5302 265.3379  1.00276346 28137
MEXSAT 3                
1 39035U 12075B   20226.60232374 -.00000024  00000-0  00000+0 0  9990
2 39035   0.0130 110.9259 0002855  38.0034 275.5966  1.00270335 28080
TDRS 11                 
1 39070U 13004A   20227.17096663  .00000087  00000-0  00000+0 0  9992
2 39070   3.7498 332.9461 0003950  73.0022 164.2920  1.00276717 27599
AMAZONAS 3              
1 39078U 13006A   20226.82585841 -.00000280  00000-0  00000-0 0  9991
2 39078   0.0548 257.1243 0004024 289.2440  12.6591  1.00271153 23503
AZERSPACE 1             
1 39079U 13006B   20227.06252946  .00000134  00000-0  00000+0 0  9992
2 39079   0.0056 337.1137 0001892 204.0474 210.3184  1.00276198 27548
SBIRS GEO-2 (USA 241)   
1 39120U 13011A   20227.05738253  .00000126  00000-0  00000+0 0  9995
2 39120   2.0766 345.5639 0002646 151.0587 227.5622  1.00272630 27206
EUTELSAT 117 WEST A     
1 39122U 13012A   20227.19840912 -.00000012  00000-0  00000+0 0  9994
2 39122   0.0566 285.8705 0002688 222.5706 129.2590  1.00271506 27075
ANIK G1                 
1 39127U 13014A   20226.60682174 -.00000072  00000-0  00000-0 0  9997
2 39127   0.0074 253.3582 0001364 303.9620 236.3274  1.00272473 26854
CHINASAT 11 (ZX 11)     
1 39157U 13020A   20225.62783934 -.00000290  00000-0  00000+0 0  9995
2 39157   0.0171 109.2384 0000619 272.6867 263.6544  1.00273618 26744
EUTELSAT 7B             
1 39163U 13022A   20226.83937998  .00000050  00000-0  00000-0 0  9993
2 39163   0.0616 346.0270 0001971  49.4916 236.3669  1.00273074 26580
WGS F5 (USA 243)        
1 39168U 13024A   20226.46855729 -.00000282  00000-0  00000+0 0  9997
2 39168   0.0158  88.9733 0000624 137.8680 211.7063  1.00271973 26431
SES-6                   
1 39172U 13026A   20227.17581365 -.00000260  00000-0  00000+0 0  9991
2 39172   0.0557 285.2548 0001572 222.8988 197.6841  1.00271301 26334
IRNSS-1A                
1 39199U 13034A   20208.75982554  .00000063  00000-0  00000+0 0  9997
2 39199  30.9373  96.1503 0017292 183.5970 353.9287  1.00279865 26076
MUOS-2                  
1 39206U 13036A   20227.10257870  .00000071  00000-0  00000+0 0  9993
2 39206   2.5948 358.6119 0057641 178.2814   5.9972  1.00272262 25918
ALPHASAT                
1 39215U 13038A   20226.84295664  .00000137  00000-0  00000-0 0  9992
2 39215   2.4697  19.7538 0002285 146.6568 124.6447  1.00273209 22653
INSAT-3D                
1 39216U 13038B   20227.06968281 -.00000155  00000-0  00000+0 0  9990
2 39216   0.0722 277.6330 0001111 243.5320 268.9908  1.00272247 25919
WGS F6 (USA 244)        
1 39222U 13041A   20227.20952344  .00000090  00000-0  00000+0 0  9997
2 39222   0.0155 105.0349 0000558 148.7916   9.4823  1.00272059 25679
EUTELSAT 25B            
1 39233U 13044A   20227.05842936  .00000145  00000-0  00000+0 0  9991
2 39233   0.0497  32.6830 0001668 116.5422 220.2331  1.00273480 25517
GSAT-7                  
1 39234U 13044B   20226.89500949 -.00000076  00000-0  00000-0 0  9993
2 39234   0.0781 275.9035 0006374 336.4151 106.6691  1.00271871 23936
AMOS-4                  
1 39237U 13045A   20226.85089512  .00000009  00000-0  00000-0 0  9996
2 39237   0.0515 264.3198 0001983 206.3525 223.3671  1.00270625 25569
AEHF-3 (USA 246)        
1 39256U 13050A   20226.78834697 -.00000353  00000-0  00000-0 0  9990
2 39256   0.5873   6.9841 0002645 121.4430 229.0836  1.00267584 24278
ASTRA 2E                
1 39285U 13056A   20227.15701920  .00000152  00000-0  00000+0 0  9997
2 39285   0.0589  28.8011 0002046 110.0968 269.1271  1.00271582 25201
SIRIUS FM-6             
1 39360U 13058A   20226.60172431 -.00000015  00000-0  00000+0 0  9990
2 39360   0.0014  63.7841 0000711 292.4149  66.7365  1.00272140 24957
RADUGA-1M 3             
1 39375U 13062A   20225.30813178  .00000157  00000-0  10000-3 0  9998
2 39375   0.5666  97.6698 0005654 326.0992  43.2441  1.00273285 24729
SES-8                   
1 39460U 13071A   20227.07229988 -.00000268  00000-0  00000+0 0  9998
2 39460   0.0536 264.7710 0002500 210.5012 328.7088  1.00271357 24483
INMARSAT 5-F1           
1 39476U 13073A   20226.92225410  .00000030  00000-0  00000+0 0  9992
2 39476   0.0170 106.1188 0000066 178.0769  73.2222  1.00271487 24536
TKSAT-1 (TUPAC KATARI)  
1 39481U 13075A   20226.92757215 -.00000193  00000-0  00000-0 0  9995
2 39481   0.0290 121.0201 0002201 358.9503  89.5872  1.00272363 24204
EXPRESS-AM5             
1 39487U 13077A   20227.11221462 -.00000279  00000-0  00000+0 0  9999
2 39487   0.0502 269.7289 0001366 100.5536 133.1398  1.00270819 24966
GSAT-14                 
1 39498U 14001A   20226.89500949 -.00000076  00000-0  00000-0 0  9999
2 39498   0.0517 279.9679 0003263 304.9408 134.0624  1.00271689 24021
THAICOM 6               
1 39500U 14002A   20226.92148185 -.00000120  00000-0  00000-0 0  9998
2 39500   0.0432 129.9685 0004570  19.0367 224.0050  1.00273114 24064
TDRS 12                 
1 39504U 14004A   20227.04516950 -.00000262  00000-0  00000+0 0  9993
2 39504   4.5849 338.8276 0002438 179.1466 140.0873  1.00280068 24050
ABS-2                   
1 39508U 14006A   20227.14003769 -.00000085  00000-0  00000+0 0  9992
2 39508   0.0154  63.6901 0003338  73.3253 311.3353  1.00272026 23938
ATHENA-FIDUS            
1 39509U 14006B   20226.84548648  .00000156  00000-0  00000-0 0  9998
2 39509   0.0292 244.1602 0001015 273.6286 147.1160  1.00274117 23683
TURKSAT 4A              
1 39522U 14007A   20226.84635885  .00000148  00000-0  00000-0 0  9995
2 39522   0.0689 273.7606 0002882 298.8757  96.7513  1.00271858 23595
EXPRESS-AT1             
1 39612U 14010A   20225.70059750  .00000081  00000-0  00000+0 0  9999
2 39612   0.0499 268.3561 0000089 323.6410  37.8107  1.00271747 23642
EXPRESS-AT2             
1 39613U 14010B   20227.11408615 -.00000280  00000-0  00000+0 0  9997
2 39613   0.0502 268.7946 0000808   7.1702 227.9432  1.00271275 23498
AMAZONAS 4A             
1 39616U 14011A   20226.82324135 -.00000251  00000-0  00000-0 0  9991
2 39616   0.0819  78.1891 0003073  70.4911  36.4051  1.00272178 23309
ASTRA 5B                
1 39617U 14011B   20227.13140132  .00000156  00000-0  00000+0 0  9992
2 39617   0.0363  66.5208 0003388  81.6293 253.6378  1.00271492 23485
IRNSS-1B                
1 39635U 14017A   20202.13758595  .00000113  00000-0  00000+0 0  9992
2 39635  28.5057 276.6608 0022042 187.6475 299.1310  1.00283016 23166
LUCH 5V                 
1 39727U 14023A   20227.07221265 -.00000267  00000-0  00000+0 0  9991
2 39727   0.4683 346.0862 0003067 148.7515 308.8800  1.00272201541133
KAZSAT-3                
1 39728U 14023B   20227.06497206  .00000063  00000-0  00000+0 0  9994
2 39728   0.0373 233.1719 0000430  35.1529 136.5164  1.00263337 23053
EUTELSAT 3B             
1 39773U 14030A   20227.12573098  .00000021  00000-0  00000+0 0  9997
2 39773   0.0814 325.8942 0005656 200.4894 204.9864  1.00270696 22835
USA 253                 
1 40099U 14043A   20219.99742649 -.00000263  00000-0  00000+0 0  9999
2 40099   0.0549 104.9040 0001299   8.5493 297.2045  1.00153274  6604
USA 254                 
1 40100U 14043B   20220.54754227  .00000023  00000-0  00000+0 0  9993
2 40100   0.6855  96.6491 0000553  14.4099 217.5720  1.00359231  6291
ASIASAT 8               
1 40107U 14046A   20226.83719907 -.00000031  00000-0  00000-0 0  9998
2 40107   0.0643 273.0420 0001796 222.2450 124.9497  1.00272801 80763
ASIASAT 6               
1 40141U 14052A   20227.00547718 -.00000361  00000-0  00000+0 0  9997
2 40141   0.0132 130.0339 0000874  61.8536 252.8689  1.00270161 21770
OPTUS 10                
1 40146U 14054A   20226.94083536 -.00000146  00000-0  00000+0 0  9990
2 40146   0.1299 110.6635 0004040  48.8232 298.0257  1.00268959 21731
MEASAT-3B               
1 40147U 14054B   20227.07160199 -.00000242  00000-0  00000+0 0  9994
2 40147   0.0357 320.8213 0001065 169.0906 310.2897  1.00284293 21782
LUCH (OLYMP)            
1 40258U 14058A   20226.92376659 -.00000010  00000-0  00000-0 0  9998
2 40258   0.0139 123.0403 0001563   5.4486 165.7684  1.00271678 19604
HIMAWARI-8              
1 40267U 14060A   20226.86598693 -.00000274  00000-0  00000-0 0  9990
2 40267   0.0402 253.5072 0000869 297.2271 224.4096  1.00269799 21366
IRNSS-1C                
1 40269U 14061A   20227.06985728 -.00000161  00000-0  00000+0 0  9999
2 40269   1.9328 171.5850 0020670  15.7682 243.7476  1.00272331 21439
INTELSAT 30 (IS-30)     
1 40271U 14062A   20227.18729758 -.00000150  00000-0  00000+0 0  9993
2 40271   0.0167  95.4017 0001567 358.1139 201.9305  1.00272647 21377
ARSAT 1                 
1 40272U 14062B   20227.11081365 -.00000258  00000-0  00000+0 0  9991
2 40272   0.0581 272.4262 0001375 242.3564 136.3098  1.00272041 21491
EXPRESS-AM6             
1 40277U 14064A   20226.13067074  .00000100  00000-0  00000+0 0  9995
2 40277   0.0645 270.8362 0001001 299.9056 211.3222  1.00273172 21275
GSAT-16                 
1 40332U 14078A   20226.84897593  .00000086  00000-0  00000-0 0  9991
2 40332   0.1140 276.0295 0006604 183.9531 223.4454  1.00272019 20735
DIRECTV 14              
1 40333U 14078B   20226.61255373 -.00000123  00000-0  00000+0 0  9993
2 40333   0.0183 140.0889 0000188 214.5916  89.0848  1.00270793 20853
YAMAL 401               
1 40345U 14082A   20227.14300372 -.00000226  00000-0  00000+0 0  9994
2 40345   0.0144 100.3767 0000420 170.0022 194.0541  1.00268746 21022
ASTRA 2G                
1 40364U 14089A   20227.05895278  .00000151  00000-0  00000+0 0  9992
2 40364   0.0347 335.5806 0003402 114.2651 282.4943  1.00272835 20633
FENGYUN 2G              
1 40367U 14090A   20226.92958192 -.00000300  00000-0  00000-0 0  9995
2 40367   2.2172  93.8669 0001349 336.8899 326.1670  1.00266724 20645
MUOS-3                  
1 40374U 15002A   20227.05031642 -.00000123  00000-0  00000+0 0  9996
2 40374   2.7738 348.7067 0058839 177.8817 158.9817  1.00272108 20433
INMARSAT 5-F2           
1 40384U 15005A   20226.46812111 -.00000283  00000-0  00000+0 0  9999
2 40384   0.0173 105.3100 0000285 178.0459 152.5114  1.00271821 20284
ABS-3A                  
1 40424U 15010A   20227.12450969 -.00000025  00000-0  00000+0 0  9997
2 40424   0.0171  89.6185 0002436 336.2115 298.9801  1.00272047 20011
EUTELSAT 115 WEST B     
1 40425U 15010B   20226.41434348 -.00000023  00000-0  00000+0 0  9990
2 40425   0.0034  27.9241 0000252  85.9941 242.6315  1.00272767 20045
EXPRESS-AM7             
1 40505U 15012A   20225.26673462  .00000152  00000-0  10027+1 0  9998
2 40505   0.0176 100.6144 0003019  47.8028 308.7831  1.00275550 19957
IRNSS-1D                
1 40547U 15018A   20226.57297868 -.00000263  00000-0  00000-0 0  9991
2 40547  29.1458 276.3390 0021565 189.5579 174.7136  1.00272414 19600
BEIDOU 17               
1 40549U 15019A   20224.23306735 -.00000190  00000-0  00000-0 0  9998
2 40549  52.9754 320.5740 0040267 189.2271 351.7051  1.00275556 19661
THOR 7                  
1 40613U 15022A   20226.92376659 -.00000007  00000-0  00000-0 0  9991
2 40613   0.0300 233.8133 0002357 271.6719 149.2061  1.00271899 19439
TURKMENALEM52E/MONACOSAT
1 40617U 15023A   20226.84836527  .00000105  00000-0  00000-0 0  9990
2 40617   0.0153 110.8705 0002815  37.6686 171.6406  1.00275299 19441
DIRECTV 15              
1 40663U 15026A   20226.61066618 -.00000101  00000-0  00000-0 0  9992
2 40663   0.0148 101.0713 0000125 188.2897 150.1288  1.00271240 19066
SKY MEXICO-1            
1 40664U 15026B   20226.53511830 -.00000232  00000-0  00000-0 0  9990
2 40664   0.0048 107.9210 0001808  39.5383 288.8247  1.00273044 19125
METEOSAT-11 (MSG-4)     
1 40732U 15034A   20227.05336968  .00000002  00000-0  00000+0 0  9993
2 40732   0.7059 272.0775 0003482 227.8284 202.5002  1.00276604 18645
STAR ONE C4             
1 40733U 15034B   20226.82402646 -.00000263  00000-0  00000-0 0  9996
2 40733   0.0286 351.5714 0001125 158.9693  38.8250  1.00271946 18635
WGS F7 (USA 263)        
1 40746U 15036A   20227.08817682  .00000019  00000-0  00000+0 0  9998
2 40746   0.0146  78.5440 0000252  28.0677  63.0791  1.00270817 18484
INTELSAT 34 (IS-34)     
1 40874U 15039A   20227.04229072 -.00000284  00000-0  00000+0 0  9994
2 40874   0.0129  99.3339 0000276 269.9213 273.3924  1.00272446 18230
EUTELSAT 8 WEST B       
1 40875U 15039B   20227.12346285 -.00000064  00000-0  00000+0 0  9996
2 40875   0.0673  21.7970 0004892 100.9840 236.6573  1.00272003 18302
GSAT-6                  
1 40880U 15041A   20226.90357223 -.00000159  00000-0  00000-0 0  9990
2 40880   0.0941 274.0345 0004743 290.1621 166.3838  1.00270838 18250
INMARSAT 5-F3           
1 40882U 15042A   20227.08913642  .00000051  00000-0  00000+0 0  9995
2 40882   0.0256 102.1636 0000196 202.3221 230.1488  1.00271469 18166
MUOS-4                  
1 40887U 15044A   20227.14012493 -.00000087  00000-0  00000+0 0  9993
2 40887   2.9024 344.9813 0051194   0.8716 102.6603  1.00272216 18176
TJS-1                   
1 40892U 15046A   20226.94066088 -.00000155  00000-0  10000-3 0  9998
2 40892   0.0739 276.4590 0004909  98.9885  81.0135  1.00271773 18168
EXPRESS-AM8             
1 40895U 15048A   20226.90698781 -.00000110  00000-0  00000-0 0  9997
2 40895   0.0447 269.3657 0000412  34.2241 331.7116  1.00272621 17982
BEIDOU 20               
1 40938U 15053A   20226.66010593 -.00000095  00000-0  00000+0 0  9994
2 40938  52.5309 283.5804 0051925 190.1931 181.2273  1.00259923 17975
SKY MUSTER (NBN1A)      
1 40940U 15054A   20226.72757730 -.00000277  00000-0  00000+0 0  9998
2 40940   0.0137 128.0172 0001667  24.9063 211.8490  1.00271285 17879
ARSAT 2                 
1 40941U 15054B   20226.53468212 -.00000223  00000-0  00000-0 0  9994
2 40941   0.0495 267.7672 0001462 243.3454 282.7840  1.00271687 17925
MORELOS 3               
1 40946U 15056A   20226.60353689 -.00000035  00000-0  00000-0 0  9991
2 40946   4.7316 328.7940 0003562 178.6348 279.2140  1.00271789 17897
APSTAR 9                
1 40982U 15059A   20227.10386740 -.00000264  00000-0  00000+0 0  9997
2 40982   0.0494 265.1071 0002792 231.5801   5.6754  1.00274936 17764
TURKSAT 4B              
1 40984U 15060A   20227.13506523  .00000116  00000-0  00000+0 0  9992
2 40984   0.0044 284.0380 0001989 238.1915 259.3790  1.00272136 17720
CHINASAT 2C (ZX 2C)     
1 41021U 15063A   20226.00473362 -.00000322  00000-0  00000-0 0  9998
2 41021   0.0700 277.3863 0000784 245.1975 264.4491  1.00271240 17617
GSAT-15                 
1 41028U 15065A   20226.69892899 -.00000256  00000-0  00000+0 0  9997
2 41028   0.0698 275.5020 0002639 195.3009 196.8822  1.00272427 17467
BADR-7 (ARABSAT-6B)     
1 41029U 15065B   20226.84313112  .00000146  00000-0  00000-0 0  9999
2 41029   0.0493 264.4087 0005381 310.9510  76.8636  1.00272000 17377
LAOSAT 1                
1 41034U 15067A   20226.86354433 -.00000342  00000-0  00000-0 0  9999
2 41034   0.0294 218.0429 0001035 278.7857 265.2666  1.00268682 17473
TELSTAR 12V             
1 41036U 15068A   20226.83501819 -.00000117  00000-0  00000-0 0  9991
2 41036   0.0049 121.2331 0001868  34.8843  92.2024  1.00272296 17236
CHINASAT 1C (ZX 1C)     
1 41103U 15073A   20225.05967378 -.00000150  00000-0  00000+0 0  9997
2 41103   1.7462  91.9746 0001508  23.9974 307.9487  1.00273133 17258
ELEKTRO-L 2             
1 41105U 15074A   20225.75965625 -.00000104  00000-0  00000+0 0  9999
2 41105   1.3300  96.6849 0018017  89.0698  41.5458  1.00041406 17112
COSMOS 2513             
1 41121U 15075A   20226.85394837 -.00000137  00000-0  00000-0 0  9998
2 41121   0.0454 115.8352 0001810  36.5126 198.0463  1.00273143 17136
EXPRESS-AMU1            
1 41191U 15082A   20226.84513755  .00000157  00000-0  00000-0 0  9995
2 41191   0.0161 101.2718 0002527  53.8259 147.9524  1.00271625 16883
GAOFEN 4                
1 41194U 15083A   20225.08174472 -.00000334  00000-0  00000-0 0  9991
2 41194   0.0896 271.0495 0005835 273.2083 271.8671  1.00274483 17085
BELINTERSAT-1           
1 41238U 16001A   20226.84827803  .00000108  00000-0  00000-0 0  9997
2 41238   0.0614 298.1177 0001272 190.4989 190.9769  1.00270345 16862
IRNSS-1E                
1 41241U 16003A   20226.57297868 -.00000309  00000-0  00000+0 0  9998
2 41241  29.3227  95.3233 0019954 178.4401   6.7949  1.00275137 16803
EUTELSAT 9B             
1 41310U 16005A   20226.83972892  .00000063  00000-0  00000-0 0  9990
2 41310   0.0524  76.4351 0002976 170.1351  27.4480  1.00270335 16722
SES-9                   
1 41380U 16013A   20226.33035378 -.00000343  00000-0  00000-0 0  9992
2 41380   0.0523 277.1452 0001621 204.6255  67.6810  1.00272140 16046
EUTELSAT 65 WEST A      
1 41382U 16014A   20226.82498605 -.00000274  00000-0  00000-0 0  9998
2 41382   0.0491  17.1104 0001739 129.4362  47.9663  1.00271676 16153
IRNSS-1F                
1 41384U 16015A   20226.05486272  .00000161  00000-0  00000-0 0  9997
2 41384   2.1147 214.1151 0019777 198.4148 321.7048  1.00277903 16290
BEIDOU IGSO-6           
1 41434U 16021A   20227.00059196 -.00000123  00000-0  00000+0 0  9995
2 41434  57.1206  59.8970 0039852 203.3193 154.0388  1.00288099 16097
IRNSS-1G                
1 41469U 16027A   20226.86371880 -.00000334  00000-0  00000-0 0  9994
2 41469   2.1284 217.2182 0006219 275.0604 270.7769  1.00269752 15802
JCSAT-2B                
1 41471U 16028A   20226.86869125 -.00000164  00000-0  00000+0 0  9992
2 41471   0.0162 102.6891 0001942  48.7996 277.9852  1.00270721 15695
THAICOM 8               
1 41552U 16031A   20226.88020378 -.00000119  00000-0  00000-0 0  9998
2 41552   0.0623  79.3716 0002652 357.9932 280.6957  1.00272289 15325
INTELSAT 31 (IS-31)     
1 41581U 16035A   20226.60368573 -.00000149  00000-0  00000+0 0  9998
2 41581   0.0260 217.0480 0001609   8.5100 219.2015  1.00271143 15309
BEIDOU-2 G7             
1 41586U 16037A   20226.78817250 -.00000354  00000-0  00000-0 0  9994
2 41586   1.6066  65.9110 0007684   6.6217 284.4150  1.00274948 15391
ABS-2A (MONGOLSAT-1)    
1 41588U 16038A   20226.89561716 -.00000083  00000-0  00000-0 0  9991
2 41588   0.0090  95.4987 0001603 313.2297 311.1877  1.00273292 15310
EUTELSAT 117 WEST B     
1 41589U 16038B   20227.13174639 -.00000010  00000-0  00000+0 0  9993
2 41589   0.0039 194.8587 0000631 230.2540 188.3161  1.00272681 15314
BRISAT                  
1 41591U 16039A   20226.93978854 -.00000195  00000-0  00000+0 0  9999
2 41591   0.0114 109.7416 0001984  40.9957 300.9024  1.00271464 15258
ECHOSTAR 18             
1 41592U 16039B   20226.75396549 -.00000280  00000-0  00000+0 0  9990
2 41592   0.0169 111.7094 0001412  47.2859  13.7133  1.00272264 15238
MUOS-5                  
1 41622U 16041A   20226.54476172 -.00000120  00000-0  00000+0 0  9998
2 41622   7.1294 306.8360 0205554 218.7642 247.8853  1.00271099 15672
TIANTONG-1 1            
1 41725U 16048A   20226.28389367 -.00000312  00000-0  00000-0 0  9993
2 41725   2.9096 335.1773 0000661 186.4602   4.1323  1.00271047 14860
JCSAT-16                
1 41729U 16050A   20226.85569309 -.00000231  00000-0  00000-0 0  9999
2 41729   0.1385  92.7776 0003363 131.5003 136.8839  1.00270644 14678
USA 270                 
1 41744U 16052A   20220.07757809  .00000102  00000-0  00000+0 0  9995
2 41744   0.6750  96.1854 0013482 127.0454 171.2557  1.00263206  6682
USA 271                 
1 41745U 16052B   20220.52933324 -.00000334  00000-0  00000+0 0  9992
2 41745   0.3426  97.8030 0001037 158.1870  25.3903  1.00201719  6487
INTELSAT 36 (IS-36)     
1 41747U 16053A   20227.13872914 -.00000023  00000-0  00000+0 0  9991
2 41747   0.0096  33.8661 0002110 330.1481  77.4450  1.00271439 14572
INTELSAT 33E (IS-33E)   
1 41748U 16053B   20226.91241420  .00000050  00000-0  00000-0 0  9999
2 41748   0.0127  73.7256 0001828  82.2431 195.2785  1.00272914 14856
INSAT-3DR               
1 41752U 16054A   20226.89500949 -.00000076  00000-0  00000-0 0  9995
2 41752   0.0404  99.1284 0011089 164.7297  95.1318  1.00273154 14417
GSAT-18                 
1 41793U 16060A   20226.52046358 -.00000076  00000-0  00000-0 0  9996
2 41793   0.0252 248.3843 0002558 234.6014 100.7832  1.00272670 14143
SKY MUSTER 2            
1 41794U 16060B   20226.93865446 -.00000243  00000-0  00000+0 0  9994
2 41794   0.0127 137.2117 0001431  12.8298 295.4822  1.00272530 14184
HIMAWARI-9              
1 41836U 16064A   20226.93778209 -.00000273  00000-0  00000+0 0  9998
2 41836   0.0014 313.6407 0000906 227.3539 260.1869  1.00271586 13915
SHIJIAN-17 (SJ-17)      
1 41838U 16065A   20226.88223013 -.00000176  00000-0  00000-0 0  9996
2 41838   0.3739  94.0589 0012038   9.6074 336.0294  0.99980055 13818
GOES 16                 
1 41866U 16071A   20227.18191090 -.00000247  00000-0  00000+0 0  9995
2 41866   0.0413 124.3570 0000679  87.7388 101.2601  1.00274168 13723
TIANLIAN 1-04           
1 41869U 16072A   20226.13799457 -.00000105  00000-0  00000-0 0  9998
2 41869   0.0884 284.6847 0018331 176.8043 347.2360  1.00271725 13918
WGS F8 (USA 272)        
1 41879U 16075A   20226.89136194 -.00000201  00000-0  00000+0 0  9994
2 41879   0.0165  80.4824 0000304  31.8209 321.1420  1.00271468 13533
FENGYUN 4A              
1 41882U 16077A   20226.28459155 -.00000328  00000-0  00000+0 0  9998
2 41882   0.0801  83.8662 0004143  60.0619  25.3619  1.00269195 13587
ECHOSTAR 19             
1 41893U 16079A   20226.61432090 -.00000137  00000-0  00000+0 0  9996
2 41893   0.0177 106.1858 0001218  44.4536 295.9208  1.00272024 13343
JCSAT-15                
1 41903U 16082A   20226.89471983 -.00000350  00000-0  00000-0 0  9994
2 41903   0.0327 271.2545 0001283 246.2150 237.4740  1.00271777 13363
STAR ONE D1             
1 41904U 16082B   20226.82123493 -.00000209  00000-0  00000-0 0  9991
2 41904   0.0297 264.7466 0002584 238.6201  30.9648  1.00270497 13389
TJS-2                   
1 41911U 17001A   20226.77537175 -.00000341  00000-0  00000-0 0  9998
2 41911   0.2401  97.2963 0005798 293.1927 318.8219  1.00272805 13330
SBIRS GEO-4 (USA 273)   
1 41937U 17004A   20227.09306203  .00000136  00000-0  00000+0 0  9991
2 41937   3.6821 312.0200 0002366 194.5802  50.4688  1.00272384 13215
HISPASAT 36W-1          
1 41942U 17006A   20227.04612910 -.00000243  00000-0  00000+0 0  9999
2 41942   0.0085  70.5281 0001077  73.3468 159.6606  1.00272583 13133
TELKOM 3S               
1 41944U 17007A   20226.78974274 -.00000361  00000-0  00000-0 0  9998
2 41944   0.0155 108.3970 0001815  50.5638 206.0139  1.00270232 12747
INTELSAT 32E (IS-32E)   
1 41945U 17007B   20226.93046594 -.00000267  00000-0  00000-0 0  9996
2 41945   0.0178  99.3120 0000395 255.8901 259.3973  1.00272928 12846
ECHOSTAR 23             
1 42070U 17014A   20226.75265694 -.00000268  00000-0  00000-0 0  9999
2 42070   0.0172  99.3465 0001967  42.3174  24.0178  1.00270345 12541
WGS F9 (USA 275)        
1 42075U 17016A   20226.63395659  .00000075  00000-0  00000+0 0  9992
2 42075   0.0075  94.4019 0000368 144.5242   8.6356  1.00271711 12537
SES-10                  
1 42432U 17017A   20227.21646802 -.00000271  00000-0  00000+0 0  9993
2 42432   0.0146  89.6204 0002414  59.4234 185.0749  1.00271300 12354
CHINASAT 16 (SJ-13)     
1 42662U 17018A   20226.93176281 -.00000351  00000-0  00000-0 0  9996
2 42662   0.0439  87.0577 0006146 131.3977 190.2832  1.00268956 12353
KOREASAT 7              
1 42691U 17023A   20227.07605103 -.00000360  00000-0  00000+0 0  9999
2 42691   0.0201  62.8092 0001929  79.5718 323.8151  1.00273679 12058
SGDC                    
1 42692U 17023B   20226.31296310 -.00000248  00000-0  00000+0 0  9997
2 42692   0.0103  28.1766 0002613 121.5258 210.3130  1.00271831 12056
GSAT-9                  
1 42695U 17024A   20227.00094090 -.00000285  00000-0  00000+0 0  9990
2 42695   0.1350 275.5333 0002122 225.2578 279.7445  1.00272107 12048
INMARSAT 5-F4           
1 42698U 17025A   20226.84923764  .00000077  00000-0  00000+0 0  9992
2 42698   0.0158 106.1182 0000753 144.0172  74.8113  1.00271301 11874
SES-15                  
1 42709U 17026A   20227.20396638  .00000061  00000-0  00000+0 0  9994
2 42709   0.0118  74.3149 0000367 110.0721  82.9735  1.00269273 12793
QZS-2 (MICHIBIKI-2)     
1 42738U 17028A   20227.00774531 -.00000116  00000-0  00000+0 0  9990
2 42738  42.8962 273.6215 0753944 269.7737 283.5715  1.00272416 11743
VIASAT-2                
1 42740U 17029A   20227.21646802 -.00000264  00000-0  00000+0 0  9990
2 42740   0.0251 237.8835 0000249  25.3081  67.9295  1.00271777 11795
EUTELSAT 172B           
1 42741U 17029B   20226.87226793 -.00000004  00000-0  00000-0 0  9998
2 42741   0.0145 117.4572 0000270 142.2727 189.0308  1.00271592 12325
GSAT-19                 
1 42747U 17031A   20226.84749292  .00000127  00000-0  00000-0 0  9993
2 42747   0.0911 276.1130 0006654 185.8011 213.7968  1.00271552 11744
ECHOSTAR 21             
1 42749U 17032A   20226.84007786  .00000074  00000-0  00000-0 0  9992
2 42749   5.3870 312.3779 0001900 181.2646 141.7627  1.00272756 11719
CHINASAT 9A (ZX 9A)     
1 42763U 17035A   20225.44054477 -.00000311  00000-0  00000+0 0  9999
2 42763   0.0290 135.5594 0002434 349.6606  96.1549  1.00271364 12241
BULGARIASAT-1           
1 42801U 17038A   20227.05371862  .00000012  00000-0  00000+0 0  9991
2 42801   0.0243 251.4312 0002638 247.3977 205.3281  1.00270769 11513
HELLAS-SAT 3            
1 42814U 17040A   20227.20467948  .00000154  00000-0  00000+0 0  9993
2 42814   0.0666  27.7354 0002112  60.3416 347.7090  1.00269191 11475
GSAT-17                 
1 42815U 17040B   20227.07195094 -.00000256  00000-0  00000+0 0  9993
2 42815   0.0997 273.6138 0002642 357.1444 171.5901  1.00271132 11484
INTELSAT 35E (IS-35E)   
1 42818U 17041A   20227.11822869 -.00000237  00000-0  00000+0 0  9998
2 42818   0.0468 248.4809 0001328 267.5940 174.9987  1.00271322 11448
COSMOS 2520             
1 42907U 17046A   20227.20581355  .00000138  00000-0  00000+0 0  9993
2 42907   0.0275 109.3650 0000432  35.7206 297.0626  1.00270400 11002
TDRS 13                 
1 42915U 17047A   20226.79356281 -.00000091  00000-0  00000-0 0  9994
2 42915   5.4887 330.2321 0015721 107.9305 158.7162  1.00271955 10955
QZS-3 (MICHIBIKI-3)     
1 42917U 17048A   20226.89240473 -.00000347  00000-0  00000-0 0  9997
2 42917   0.0569 205.9410 0000910 337.8397 227.2578  1.00268406 10861
AMAZONAS 5              
1 42934U 17053A   20226.75405272 -.00000280  00000-0  00000-0 0  9993
2 42934   0.0384 301.3796 0001296 226.3341   5.3707  1.00271407 10709
ASIASAT 9               
1 42942U 17057A   20224.85641565 -.00000358  00000-0  00000-0 0  9998
2 42942   0.0080 121.0914 0002437  14.0247 256.0581  1.00271423 10539
INTELSAT 37E (IS-37E)   
1 42950U 17059A   20227.04970576 -.00000139  00000-0  00000+0 0  9996
2 42950   0.0168 123.0009 0003145  38.8530 160.9632  1.00271997 10668
BSAT-4A                 
1 42951U 17059B   20226.89472780 -.00000349  00000-0  00000-0 0  9997
2 42951   0.0415   1.0624 0002208 105.6780 287.9729  1.00271602 10403
QZS-4 (MICHIBIKI-4)     
1 42965U 17062A   20226.72202036 -.00000307  00000-0  00000+0 0  9996
2 42965  40.8279  10.8463 0747080 268.9652  80.5982  1.00291327 10428
SES-11 (ECHOSTAR 105)   
1 42967U 17063A   20226.60871998 -.00000087  00000-0  00000+0 0  9990
2 42967   0.0127 139.0790 0001703  13.1227 284.4763  1.00271976 10419
KOREASAT 5A             
1 42984U 17067A   20226.89300906 -.00000357  00000-0  00000-0 0  9991
2 42984   0.0192 111.5656 0001697  48.3243 237.5036  1.00270293 10149
ALCOMSAT 1              
1 43039U 17078A   20227.17125977 -.00000185  00000-0  00000+0 0  9998
2 43039   0.0615 251.8777 0001904 240.6575 227.3270  1.00269231  9896
SBIRS GEO-3 (USA 282)   
1 43162U 18009A   20226.82455205 -.00000283  00000-0  00000-0 0  9991
2 43162   4.8477 317.0730 0002393 190.0644 251.4035  1.00271864  9457
AL YAH 3                
1 43174U 18012A   20226.97756167 -.00000154  00000-0  00000+0 0  9991
2 43174   0.0275 246.6816 0001917 269.0499 138.9316  1.00271139  9458
SES-14                  
1 43175U 18012B   20226.46960411 -.00000277  00000-0  00000+0 0  9991
2 43175   0.0041  14.2032 0000832 142.3086 287.3897  1.00271908  9669
GOES 17                 
1 43226U 18022A   20227.09764103  .00000099  00000-0  00000+0 0  9990
2 43226   0.0521 277.1654 0000220 272.0490  31.7271  1.00271770  9046
HISPASAT 30W-6          
1 43228U 18023A   20227.04735042 -.00000215  00000-0  00000+0 0  9999
2 43228   0.0364  56.6170 0004325  61.0388 192.3063  1.00272627  9100
SUPERBIRD 8             
1 43271U 18033A   20226.87026149 -.00000091  00000-0  00000-0 0  9992
2 43271   0.0118 125.3805 0001155  17.6997 294.9762  1.00270396  8650
HYLAS 4                 
1 43272U 18033B   20227.19019831 -.00000232  00000-0  00000+0 0  9995
2 43272   0.0656 122.0289 0004395  47.6489 188.3630  1.00272948  8695
IRNSS-1I                
1 43286U 18035A   20226.25778858  .00000079  00000-0  00000+0 0  9997
2 43286  29.2609 108.4876 0018530 178.8597 182.7287  1.00269371  8674
USA 283                 
1 43339U 18036A   20226.50580701 -.00000316  00000-0  00000+0 0  9998
2 43339   0.0155 109.6633 0001060 134.1397  34.7743  1.00265922  3916
COSMOS 2526             
1 43432U 18037A   20227.00704743 -.00000343  00000-0  00000+0 0  9993
2 43432   0.0263 108.5908 0000677  33.7363 311.1420  1.00273677  8570
APSTAR 6C               
1 43450U 18041A   20227.00826873 -.00000316  00000-0  00000+0 0  9997
2 43450   0.0269 176.8739 0002154 283.2253 359.7838  1.00271620  8452
BANGABANDHUSAT-1        
1 43463U 18044A   20227.00530271 -.00000361  00000-0  00000+0 0  9998
2 43463   0.0127 147.0208 0001779   9.6449 287.2229  1.00272006  8345
SES-12                  
1 43488U 18049A   20227.07229988 -.00000268  00000-0  00000+0 0  9993
2 43488   0.0183  68.9330 0001561 170.2695 204.7770  1.00271331  8039
FENGYUN 2H              
1 43491U 18050A   20224.93241641 -.00000125  00000-0  00000-0 0  9994
2 43491   0.5299 271.5841 0003335 234.1874 229.6737  1.00276115  8107
BEIDOU IGSO-7           
1 43539U 18057A   20227.07170226 -.00000106  00000-0  00000+0 0  9990
2 43539  55.0490 181.7258 0029760 214.9650  62.0264  1.00249812  7769
TELSTAR 19V             
1 43562U 18059A   20226.92787035 -.00000278  00000-0  00000-0 0  9994
2 43562   0.0097 149.6964 0003304  20.3999  63.7422  1.00271039  7766
TELKOM 4 (MERAH PUTIH)  
1 43587U 18064A   20226.77537271 -.00000342  00000-0  00000-0 0  9997
2 43587   0.0154 107.9874 0001214  63.2137 178.5675  1.00270228  7474
TELSTAR 18V (APSTAR 5C) 
1 43611U 18069A   20226.89166376 -.00000293  00000-0  00000-0 0  9992
2 43611   0.0177 105.0725 0001930  45.0731 271.6176  1.00270712  7237
AZERSPACE 2 (IS-38)     
1 43632U 18074A   20226.84696950  .00000138  00000-0  00000+0 0  9998
2 43632   0.0142 104.4870 0001383  57.2356 151.0113  1.00272674  7091
HORIZONS 3E             
1 43633U 18074B   20226.87165727 -.00000029  00000-0  00000-0 0  9996
2 43633   0.0046 355.6525 0000544 286.0393 163.8466  1.00271843  6945
AEHF-4 (USA 288)        
1 43651U 18079A   20226.73625661  .00000136  00000-0  00000+0 0  9991
2 43651   3.7623 311.2312 0005538 190.5694 295.7925  1.00269601  6897
BEIDOU-3 G1             
1 43683U 18085A   20225.35841958 -.00000276  00000-0  00000-0 0  9996
2 43683   1.6508 252.8822 0004232 345.7870 351.6506  1.00272236  6656
GSAT-29                 
1 43698U 18089A   20226.77717022  .00000087  00000-0  00000+0 0  9995
2 43698   0.0727 274.5197 0001225 178.4208 204.5473  1.00272038  6423
ES'HAIL 2               
1 43700U 18090A   20227.05842936  .00000145  00000-0  00000+0 0  9991
2 43700   0.0131 113.8455 0001727  60.1880 195.7440  1.00269700  6537
GEO-KOMPSAT-2A          
1 43823U 18100A   20226.86354433 -.00000342  00000-0  00000-0 0  9998
2 43823   0.0050  90.1575 0001881  28.2769 283.4396  1.00273647  6210
GSAT-11                 
1 43824U 18100B   20226.89500949 -.00000076  00000-0  00000-0 0  9991
2 43824   0.1067 274.9669 0007762 204.5492 239.4622  1.00272252  6126
GSAT-7A                 
1 43864U 18105A   20227.06584442  .00000028  00000-0  00000+0 0  9995
2 43864   0.0684 279.8463 0001630 210.9855 278.5693  1.00271198  6076
COSMOS 2533             
1 43867U 18107A   20227.06724021 -.00000038  00000-0  00000+0 0  9991
2 43867   0.0171 118.8179 0000603  52.7933 245.5260  1.00276411  6048
TJS-3                   
1 43874U 18110A   20226.88253111 -.00000175  00000-0  00000-0 0  9992
2 43874   0.0320 181.4006 0001419  13.2824 246.5778  0.99916613  6029
TJS-3 AKM               
1 43917U 18110C   20226.91241420  .00000058  00000-0  00000-0 0  9993
2 43917   0.0605 153.2154 0002752 357.2169 199.8873  1.00267355  5961
CHINASAT 2D (ZX 2D)     
1 43920U 19001A   20226.86389328 -.00000335  00000-0  00000-0 0  9990
2 43920   0.0531 278.1535 0001699 142.2380 343.3410  1.00275321 32683
HELLAS-SAT 4 & SGS-1    
1 44034U 19007A   20226.84574819  .00000154  00000-0  00000-0 0  9990
2 44034   0.0642 124.8907 0006321  30.5446 150.7511  1.00272260  5975
GSAT-31                 
1 44035U 19007B   20226.84749292  .00000126  00000-0  00000-0 0  9999
2 44035   0.0613 281.1361 0001728 286.7194 107.8564  1.00272260  5584
NUSANTARA SATU          
1 44048U 19009A   20226.72202036 -.00000233  00000-0  00000-0 0  9992
2 44048   0.0158  95.7569 0001992  57.5616 215.2119  1.00272680  5369
CHINASAT 6C (ZX 6C)     
1 44067U 19012A   20226.86389328 -.00000335  00000-0  00000-0 0  9995
2 44067   0.0713 259.8949 0002549 342.3182 161.5510  1.00271126  5344
WGS 10 (USA 291)        
1 44071U 19014A   20226.84278218  .00000140  00000-0  00000-0 0  9998
2 44071   0.0860  99.5639 0000210 109.0480  81.5253  1.00271696  5245
TIANLIAN 2-01           
1 44076U 19017A   20225.03938300 -.00000134  00000-0  00000-0 0  9995
2 44076   1.8783 285.7754 0034466 215.2445 274.0879  1.00274970  5208
ARABSAT-6A              
1 44186U 19021A   20226.84409072  .00000155  00000-0  00000-0 0  9993
2 44186   0.0571 326.1971 0004759 252.1289  78.7656  1.00271127  4803
BEIDOU-3 IGSO-1         
1 44204U 19023A   20227.25494882 -.00000186  00000-0  10000-3 0  9994
2 44204  55.5775  60.2758 0017514 178.4528 289.9151  1.00276815  4976
BEIDOU-2 G8             
1 44231U 19027A   20226.86677206 -.00000244  00000-0  00000-0 0  9998
2 44231   0.8586 298.8627 0007215 267.7443 212.6389  1.00276876  4690
YAMAL 601               
1 44307U 19031A   20226.84775462  .00000121  00000-0  00000-0 0  9991
2 44307   0.0124 126.9567 0001511  23.3961 166.5691  1.00273131  4562
AT&T T-16               
1 44333U 19034A   20226.61405461 -.00000113  00000-0  00000+0 0  9998
2 44333   0.0033 278.6356 0000819  84.3061  79.7498  1.00271223  4244
EUTELSAT 7C             
1 44334U 19034B   20226.91117514  .00000049  00000-0  00000+0 0  9998
2 44334   0.0115 130.4280 0003147   3.9547 163.3875  1.00272333  4736
BEIDOU-3 IGSO-2         
1 44337U 19035A   20226.78799802 -.00000108  00000-0  00000+0 0  9990
2 44337  55.0747 177.7819 0014240 190.0676 346.5041  1.00273019  4304
COSMOS 2539             
1 44457U 19048A   20226.92873809  .00000084  00000-0  00000-0 0  9996
2 44457   0.0191 127.4094 0000268 216.8636 324.8771  1.00280695  3817
EDRS-C                  
1 44475U 19049A   20226.01908885  .00000156  00000-0  00000+0 0  9999
2 44475   0.0766 279.5964 0000407 170.1666 270.2414  1.00267975  3791
INTELSAT 39 (IS-39)     
1 44476U 19049B   20226.85028447  .00000035  00000-0  00000-0 0  9996
2 44476   0.0085 111.9867 0001199 200.8303  17.9550  1.00270012  3776
AMOS-17                 
1 44479U 19050A   20227.05668464  .00000110  00000-0  00000+0 0  9996
2 44479   0.0423 274.5348 0001812 235.7390 210.0710  1.00269438  3808
AEHF-5 (USA 292)        
1 44481U 19051A   20227.15102075  .00000093  00000-0  00000+0 0  9992
2 44481   5.8540 307.9015 0002819 199.1395 284.8801  1.00268683  3870
EUTELSAT 5 WEST B       
1 44624U 19067A   20227.19586866 -.00000041  00000-0  00000+0 0  9990
2 44624   0.0465  25.7593 0005844 100.7252 262.0922  1.00272169  3066
TJS-4                   
1 44637U 19070A   20227.14178240 -.00000168  00000-0  00000+0 0  9996
2 44637   0.0273 143.3158 0002427 225.6867  88.5298  1.00274034  3176
BEIDOU-3 IGSO-3         
1 44709U 19073A   20226.63551383 -.00000164  00000-0  10000-3 0  9996
2 44709  58.3115 303.3198 0025391 189.3582 165.6104  1.00267013  3053
TIBA-1                  
1 44800U 19080A   20227.22292010  .00000157  00000-0  00000+0 0  9997
2 44800   0.0543 355.1137 0001757 150.4205 293.3172  1.00269244  2694
INMARSAT GX5            
1 44801U 19080B   20227.19909639  .00000077  00000-0  00000+0 0  9997
2 44801   0.0482  90.0363 0002682  66.4363 249.3035  1.00275530  2708
JCSAT-18 (KACIFIC 1)    
1 44868U 19091A   20226.89136194 -.00000200  00000-0  00000-0 0  9996
2 44868   0.0136 109.9181 0000732 112.4440 211.2718  1.00269192  2621
ELEKTRO-L 3             
1 44903U 19095A   20226.89561716 -.00000096  00000-0  00000-0 0  9995
2 44903   0.0430 293.7343 0001327 271.4050 156.1337  1.00272767  2338
SHIJIAN-20 (SJ-20)      
1 44910U 19097A   20226.89210420 -.00000352  00000-0  00000-0 0  9993
2 44910   0.3454  94.9502 0008274 132.5618 181.8533  1.00274119  2301
TJS-5                   
1 44978U 20002A   20226.87357646  .00000045  00000-0  00000-0 0  9993
2 44978   0.5175 281.2697 0002311 267.9600 266.5318  1.00272349  2319
GSAT-30                 
1 45026U 20005A   20226.86916639 -.00000164  00000-0  00000-0 0  9996
2 45026   0.0391 276.7530 0004724 175.2684 266.6281  1.00272801  2129
EUTELSAT KONNECT        
1 45027U 20005B   20226.83937998  .00000051  00000-0  00000-0 0  9999
2 45027   0.0279  98.0627 0000291 183.5724 350.4607  1.00269252  2950
JCSAT-17                
1 45245U 20013A   20226.68225412 -.00000306  00000-0  00000-0 0  9998
2 45245   6.8387 344.0155 0004014 165.6715 194.4646  1.00272277  1852
GEO-KOMPSAT-2B          
1 45246U 20013B   20226.86354433 -.00000343  00000-0  00000-0 0  9996
2 45246   0.0519 272.2557 0001031 316.9426 172.6699  1.00270738  1867
BEIDOU-3 G2             
1 45344U 20017A   20226.85394837 -.00000135  00000-0  00000-0 0  9999
2 45344   2.8707 329.1970 0002480 171.6768 209.3192  1.00272237  1884
AEHF-6 (USA 298)        
1 45465U 20022B   20226.61198344 -.00000156  00000-0  00000+0 0  9990
2 45465   7.4566 308.7713 0197368 181.3271 312.6551  1.00312515  1596
BEIDOU-3 G3             
1 45807U 20040A   20226.78825973 -.00000348  00000-0  00000+0 0  9996
2 45807   2.9912 298.7293 0006899 346.9767  71.2811  1.00275042   699
APSTAR 6D               
1 45863U 20045A   20226.93656080 -.00000313  00000-0  10000-3 0  9998
2 45863   0.0665 256.6004 0002266 224.2590 313.6591  1.00270107   475
KOREASAT 116            
1 45920U 20048A   20227.07605103 -.00000361  00000-0  00000+0 0  9999
2 45920   0.0146  93.4817 0001426  67.1724 305.8864  1.00274193   264
